1
1.33
1.6
1.75
1.96
2.07
2.31
2.31
2.41
2.87
3.14
3
2.93
3.37
3.54
3.5
3.78
3.98
3.72
3.86
4.32
4
4.2
4.75
4.56
4.63
4.26
5.23
5.44
4.69
4.99
5.12
5.04
5.8
5.28
5.33
5.26
5.37
5.35
5.59
5.75
5.88
5.8
6.08
5.77
5.99
6.04
5.97
6.56
6.01
6.34
6.51
6.15
6.69
6.73
6.37
6.73
6.46
6.92
7.07
6.86
7.1
6.94
7.11
6.93
7.28
7.28
7.54
7.6
7.31
7.56
7.46
8.28
7.52
7.71
8.45
7.86
6.84
8.15
7.36
7.86
8.47
7.46
8.54
7.63
8.21
7.64
8.77
8.89
8.12
7.72
8.55
8.53
7.73
8.65
7.89
9.07
8.45
8.83
8.96
9.12
9.26
9.12
8.75
8.57
9.07
9.88
9.54
9.32
8.89
9.28
9.26
9.53
8.42
9.95
9.69
9.38
9.95
10.57
8.92
9.26
9.79
9
8.79
9.83
9.49
11.06
9.5
9.83
10.86
10.11
9.42
9.65
9.82
10.44
9.48
10.05
10.11
10.71
10.87
10.56
11.62
10.02
10.24
11.16
10.64
10.32
11.65
10.88
10.3
10.75
10.12
11.24
10.31
11.15
10.63
10.71
11.18
10.7
12.18
11.16
10.52
11.39
10.22
11.63
11.23
11.42
12
12.13
11.67
11.42
12.29
11.26
12.18
11.58
11.95
11.18
11.66
12.38
12.42
11.12
12.6
12.81
12.14
12.51
12.81
12.01
11.53
13.67
12.77
12.81
12.26
11.35
12.24
11.98
12.93
12.54
12.98
10.92
12.38
12.03
12.58
13.71
12.11
12.35
12.37
12.71
13.26
12.52
12.83
14.1
12.95
12.78
13.38
13.91
13.6
13.12
13.9
11.88
13.17
12.31
12.35
13.78
13.17
13.27
13.74
12.42
12.45
13.65
12.47
13.62
13.69
13.29
13.83
12.97
13.34
15.6
14.18
13.84
14.31
14.45
14.74
13.65
14.13
14.98
13.76
13.96
15.32
13.4
14.62
14.22
12.67
14.13
14.29
14.54
13.19
13.09
14.79
15
13.1
14.36
13.35
13.15
14.72
14.47
15.65
14.61
14.73
14.83
14.94
14.43
14.15
13.11
13.26
14.31
14.19
13.8
15.21
14.44
15.68
15.77
14.83
14.56
14.2
15.25
14.72
14.7
14.52
15.22
15.05
15.48
15.21
15.88
14.5
14.15
14.42
14.25
14.83
16.34
14.86
14.69
14.41
14.92
16.16
14.39
14.09
15.09
15.24
15.56
14.95
15.81
15.53
15.34
17.71
15.46
17.26
14.74
15.79
15.41
16.3
16.57
16.49
15.31
14.61
14.82
15.21
16.35
14.26
15.36
15.51
16.05
14.95
16.16
16.39
16.58
16.71
15.73
15.43
17.16
17.3
16.07
15.55
16.22
17.63
17.45
14.93
16.81
14.66
16.28
15.66
16.74
16.91
15
17.51
15.49
17.33
16.05
16.64
17.28
18.46
17.13
17.39
16.35
16.54
17.02
17.69
17.01
17.04
17.39
16.68
16.88
16.87
18.36
16.63
16.82
16.85
18.07
17.24
16.89
17.45
16.31
15.57
16.15
16.12
16.32
18.48
17.83
16.59
17.72
17.96
16.84
16.68
18.31
17.94
16.57
19.9
17.41
19.15
17.11
17.64
19.2
19.41
17.4
18.3
16.79
16.74
18.15
18.35
17.41
17.63
16.7
17.42
18.75
17.69
16.88
17.93
18.82
18.06
17.11
17.05
19.12
16.24
18.35
16.22
18.54
18.6
18.76
20.26
18.57
17.23
18.07
19.31
18.07
18.53
19.68
17.52
19.4
18.67
15.04
18.58
17.93
18.12
17.38
18.22
17.52
18.64
18.64
18.41
19.07
19.84
18.05
18.5
20.39
17.79
19.22
18.91
18.06
18.9
18.32
18.45
18.85
19.52
20.02
19.7
19.51
18.47
20.11
19.59
18.22
19.08
18.47
19.09
21.6
19.02
20.41
19.95
19.82
18.84
19.31
19.58
18.69
18.29
19.62
18.4
20.42
20.87
19.64
19.41
21.95
18.38
19.21
21.29
19.01
21.14
20.26
20.54
20.97
21.28
20.63
21.2
18.31
18.03
20.63
19.43
19.96
19.55
18.62
19.82
17.76
20.5
20.76
20.25
19.76
19.25
20.07
20.87
20.77
19.9
21.01
23.92
18.98
21.86
17.59
20.01
20.03
19.2
19.61
18.27
20.65
19.81
21.01
21.51
20.4
21.31
19.92
21.51
19.73
18.68
19.29
19.68
19.8
19.74
19
21.43
20.79
20.48
20.75
21.26
21.29
22.18
21.77
20.51
21.31
22.26
22.03
23.02
19.63
20.51
19.13
19.46
20.33
21.15
20.94
21.19
20.08
20.79
19.61
19.88
20.48
22.14
21.45
20.23
22.24
19.45
21.39
21.02
20.93
20.52
22.66
20.01
22.69
22.86
21.22
20.99
22.14
21.17
21.16
23.77
20.78
22.07
21.87
22.33
21.55
21.08
22.07
21.03
21
24.16
22.5
22.15
22.5
22.13
21.48
22.68
22.47
21.05
23.1
22.22
23.69
22.75
22.68
21.53
21.04
21.04
23.3
23.55
21.42
21.71
25.04
21.57
22.03
21.72
22.23
22.29
21.76
24.28
22.73
23.1
20.98
22.97
22.02
21.69
23.77
22.54
21.49
22.71
23.35
22.41
24.6
23.61
23.66
21.79
22.44
24.1
22.49
22
21.7
23.11
22.37
23.2
23.18
23.34
21.6
23.7
22.27
22.4
22.81
22.14
23.42
22.35
22.74
22.55
22.87
23.21
21.25
22.03
21.34
24.69
24.7
21.51
22.51
23.17
21.94
23.02
21.38
22.92
22.94
23.45
20.15
20.78
22.09
23.42
24.45
23.55
23.1
22.63
22.08
19.94
23.38
24.66
22.05
23.26
21.84
21.84
25.47
23.85
23.06
23.38
21.93
24.7
24.19
24.17
23.85
23.02
25.23
22.13
25.3
24.84
24.51
22.8
23.94
24.51
23.71
25.01
24.15
21
26
23.22
23.33
23.89
23.67
25.8
24.46
23.69
22.76
24.5
23.06
24.99
23.25
22.22
23.9
22.35
22.85
23.13
22.87
23.6
25.13
22.21
24.04
23.84
24.12
22.75
22.37
22.38
25.76
24.58
24.69
23.53
21.73
25.35
24.34
23.55
24.85
22.74
23.47
25.17
23.22
25.48
23.18
24.94
22.29
24.89
23.72
24.56
25.2
22.68
25.94
26.15
25.33
26.9
24.64
23.91
24.08
23.58
23.59
24.01
23.99
22.73
26.91
25.16
25.85
23.13
27
25.72
23.87
23.67
23.38
25.75
24.46
22.41
27.2
24.5
24.64
26.85
26.17
25.68
25.28
23.61
25.46
26.76
26.06
27.81
24.3
24.41
22.67
25.36
25.14
24.3
24.87
24.48
26.29
24.24
27.26
22.13
26.19
23.33
25.54
25.5
23.49
25.84
24.91
25.63
24.75
24.6
25.95
24.75
26.98
25.12
26.33
29.28
25.54
27.46
27.01
27.58
24.89
27.22
23.63
27.22
24.68
28.77
24.59
23.07
23.75
25.42
26.44
27.74
26.06
24.56
27.91
25.2
25.35
26.08
25.18
23.64
26.28
25.4
27.59
24.57
26.61
24.78
27.6
26.7
24.47
26.56
25.59
25.82
27.61
27.43
27.74
28.59
26.68
23.88
25.39
28.41
26.38
25.59
25.65
27.28
24.64
25.36
28.18
23.76
26.24
27.34
25.82
30.1
24.89
27.8
26.56
25.94
27.41
26.16
24.24
28.58
27.04
26.01
26.58
26.86
27.69
23.66
24.62
25.39
28.4
26.82
22.64
28.07
26.18
26.02
26.21
27.17
25.94
27.51
26.25
26.47
27.46
25.23
25.48
27.03
26.2
26.16
26.47
28.74
24.79
26.5
27.85
25.59
27.62
29.15
27.99
25.94
27.65
26.94
26.11
27.9
25.93
27.16
27.76
27.74
26.86
27.8
28.26
26.99
27.2
29.17
28.47
26.9
26.46
29.95
27.88
26.18
27.5
27.03
30.23
26.35
25.82
24.85
27.08
28.52
29.1
27.01
26.8
26.28
29.37
27.73
23.69
26.82
25.29
24.99
28.16
27.09
28.88
28.91
28.77
29.37
26.58
29.46
28.43
26.43
28.36
26.64
29.45
27.78
28.74
31.24
28.45
29.56
27.16
26.79
26.36
29.47
27.74
28.19
28.76
26.51
29.9
29.73
26.13
29.44
27
27.63
29.02
25.95
25.52
28.23
26.51
29.66
27.48
27.44
26.42
26.99
27.29
26.97
28
28.3
27.47
27.93
27.13
28.81
27.66
25.49
27.86
26.4
28.29
29.04
26.32
28.59
29.81
28.62
28.79
28.9
29.01
28.21
30.46
29.9
29.02
27.78
29.58
29.59
25.99
27.81
29.32
28.27
28.57
29.26
28.69
27.66
27.18
28.56
27.29
28.39
29.52
29.78
29.5
31.21
27
30.21
31.15
27.79
30.71
27.26
31.06
30.11
29.02
26.85
28.17
30.47
28.89
29.1
27.58
29.61
29.67
28.84
29.26
31.86
29.99
27.96
28
27.68
28.42
27.82
28.82
29.47
28.73
28.55
30.14
28.67
32.17
29.55
28.78
27.91
29.5
31.64
26.41
25.13
30.49
28.39
28.34
28.61
26.63
32.96
29.19
28.28
28.26
28.24
30.84
28.6
29.66
30.71
29.82
26.82
29.46
28.31
28.06
28.87
26.88
33.3
29.62
28.2
29.93
31
29.42
29.76
28.21
30.26
30.16
30.28
31.76
30.33
30.02
31.58
30.46
30.57
26.51
31.04
28.5
29.89
30.52
28.68
28.68
31.67
32.44
29.14
30.59
29.57
28.67
29.79
29.06
29.06
29.51
29.6
29.14
29.33
26.54
28.83
31.91
29.58
28.73
31.01
31.08
27.06
28.52
27.25
29.32
29.89
29.55
29.46
29.64
33.5
27.7
29.92
31.81
29.25
30.75
30.73
29.68
30
26.57
32.43
29.74
30.71
34.12
33.62
26.97
31.99
29.64
32.2
32.2
29.57
30
29.64
30.57
30.23
30.7
28.8
31
30.17
33.87
30.64
27.97
28.78
31.83
31.13
31.6
33.44
28.92
33.36
28.32
32.79
30.08
29.81
31.58
32.93
30.27
30.76
29.53
28.55
28.74
31.53
31.08
28.13
28.97
32.25
27.64
34.3
30.37
29.63
29.03
33.38
28.76
30.79
32.38
33.66
32.02
28.9
33.63
34.14
28.69
30.78
32.55
32.88
32.99
30.96
31.16
30.5
28.51
29.63
31.73
27.69
31.79
31.12
32.08
31.07
31.6
31.3
31.67
34.29
32.03
31.35
29.85
34.24
32.17
26.94
29.93
32.65
31.07
29.15
31.64
34.21
30.79
31.99
35.82
30.68
34.6
33.74
33.48
30.87
29.24
31.28
32.22
31.9
31.94
35.72
31.2
31.52
30.85
32.22
34.04
33.53
30.91
35.35
32.41
30.85
30.14
32.17
37.01
32.21
29.72
32.53
32.79
31.58
32.23
34.44
34.47
32.44
35.03
33.29
32.41
32.28
32.21
30.63
33.13
29.08
32.06
31.84
30.59
30.41
30.71
32.59
28.72
31.04
33.74
32.72
34.57
32.09
32.05
33.45
34.65
33.29
30.01
33.56
31.58
30.84
32.46
33.14
35.48
34.65
32
34.83
30.98
29.48
33.14
33.16
32.34
31.8
33.63
32.36
32.28
36.46
30.31
31.87
32.83
30.44
34.47
31.09
34.28
33.3
36.16
31.62
30.53
32.3
35.52
30.83
32.15
32.69
35.56
30.37
33.56
31.79
31.07
30.9
29.24
35.33
31.28
34.26
33.38
35.32
33.11
30.66
32.43
31.52
36.23
33.89
33.24
34.26
35.85
34.93
31.24
33.01
33.49
34.31
34.39
29.77
32.01
30.58
31.98
36.1
35.37
32.12
31.51
31.97
33.68
34.79
34.24
33.46
32.99
34.69
31.13
32.92
33.27
33.64
32.21
31.34
34.98
34.8
33.65
33.03
34.31
33
34.47
33.66
35.54
34.74
33.84
34.96
33.3
35.24
37.67
32.14
35.61
32.98
31.88
34.87
32.72
28.92
32.18
34.91
33.05
34.81
34.73
33.63
32.76
31.07
31.98
36.87
33.46
35.52
33
37.44
34.33
36.13
31.01
31.24
32.63
30.39
33.93
36.56
32.63
31.86
35.29
33.79
32.42
32.26
31.78
36.37
31.36
39.37
36.37
34.61
33.85
32.23
34.65
34.66
36.04
32.49
32.47
33.43
31.69
33.69
35.63
36.09
36.51
33.28
33.41
34.71
34.13
34.96
33.41
36.76
35.53
32.67
33.58
31.44
35.13
34.06
32.71
35.25
30.29
32.92
36.18
34.04
32.61
33.59
36.01
35.17
35.11
37.42
34.63
36.32
34.68
38.51
35.44
36.01
33.17
31.4
34.41
35.12
34.18
32.92
34.49
36.1
31.34
33.92
35.24
33.28
34.21
34.05
33.33
36.27
35.1
33.29
35.67
34.26
31.26
32.9
34.35
34.24
36.9
36.61
33.87
36.88
35.89
32.92
33.4
34
33.4
31.96
35.02
33.72
32.44
36.25
32.9
33.9
35.44
35.65
37.96
38.77
32.54
33.02
35.53
33.39
34.78
36.18
34.74
35.49
33.63
31.52
36.89
32.91
32.9
34.98
34.77
37.23
33.07
33.63
37.38
33.93
33.08
32.34
35
31.02
33.75
34.81
35.57
35.42
36.64
33.89
33.62
33.24
34.06
34.76
35.47
35.48
38.49
33.42
35.02
38.04
36.6
36.4
35.19
37.06
36.47
37.48
34.93
30.95
35.22
35.38
37.98
36.97
37.82
33.6
34.98
41.55
37.07
38.25
38.56
37.83
32.42
35.74
33.99
35.33
35.7
34.77
33.88
36.81
34.41
35.87
40.75
36.03
36.15
35.6
37.21
37.3
37.96
36.89
34.5
38.13
39.39
37.29
37.78
36.92
33.5
35.56
35.56
36.85
36.27
38.06
37.99
36.92
33.76
38.43
36.55
35.46
33.47
35.06
35.82
37.4
37.38
34.7
37.32
35.29
35.28
37.83
36.74
33.24
35.54
37.55
34.58
34.13
36.66
38.05
32.67
39.14
37.35
37.48
36.57
35.57
36.09
33.91
34.15
37.01
35.33
37.53
37.62
34.96
39.03
36.35
37.16
40.1
34.24
36.48
35.51
37.25
37.98
34.96
35.63
36
36.59
32.26
35.47
40.76
36.48
37.49
36.1
33.71
34.92
40.07
36.05
35.91
37.91
36.83
39.06
37.47
38.56
38.09
38.73
35.71
37.09
34.33
39.32
38.63
37.74
33.63
37.87
39.68
35.05
37.58
37.16
34.46
38.14
37.12
41.16
36.41
35.62
38.24
38.76
36.35
37.75
38.84
40.96
34.82
36.15
38.69
39.71
35.88
38.36
34.84
37.61
40.3
35.74
34.99
40.2
36.1
38.24
38.38
38.52
35.15
35.81
30.7
35.45
39.04
37.86
36.1
36.38
37.04
38.15
39.09
36.65
32.92
37.36
33.45
37.59
40.06
33.62
36.84
37.9
34.28
38.8
35.52
37.71
36.3
38.98
39.72
41.41
38.32
35.25
37.84
33.41
36.6
35.88
36.19
33.53
36.36
38.09
34.84
36.52
35.18
36.05
37.31
36.37
39.03
38.45
39.33
40.71
35.24
35.72
36.64
36.72
37.34
33.42
37.09
39.39
37.23
42.82
38.78
38.78
38.64
42.73
35.4
34.67
35.4
37.57
39.06
36.92
37.48
37.55
37.35
36.49
38.35
41.18
36.96
37.6
38.18
38.48
40.49
37.89
37.77
37.98
37.28
38.49
36.13
38.38
33.58
41.69
38.78
38.31
42.11
37.99
41
37.58
37.85
37.73
40.56
38.47
36.48
41.86
36.1
41.01
39
36.22
36.33
37.86
35.56
37.3
40.82
37.81
37.48
37.55
38.27
35.41
38.55
40.31
38.15
36.54
37.67
40.49
36.83
38.64
40.16
41.72
35.99
35.52
42.07
39.61
37.64
37.79
36.54
39.67
35.79
43.3
37.37
34.84
39.32
36.53
38.81
35.95
40.07
38.63
41.54
38.13
39.31
40.73
41.86
41.76
38.32
39.78
37.5
37.92
36.1
38.92
38.42
38.38
34.57
37.66
38.1
39.98
39
35.89
35.36
41.04
36.34
38.07
40.72
40.72
38.78
36.83
37.23
39.68
40.03
38.12
37.85
39.14
40.86
39.43
36.5
38.14
36.85
39.54
37.55
38.46
40.52
33.51
40.32
40.87
42.38
40.14
40.46
39.21
38.78
40.1
40.36
40.6
40.82
40.56
39.31
40.35
37.83
40.49
43.33
39.7
40.31
42.79
39.27
42.14
37.47
40.2
40.08
41.16
42.17
38.91
39.73
41.62
43.98
40.2
39.52
42.97
37.94
36.88
44.43
39.47
43.58
37.96
41.72
37.93
41.37
37.62
40.55
39.35
38.2
43.61
38.73
41.31
42.68
39.87
39.62
41.44
41.24
40.61
41.87
41.84
40.87
40.41
37.72
42.17
38.37
36.83
42.9
37.59
46.01
39.65
40.36
37.65
40.89
40.11
43.11
41.26
44.16
40.61
38.91
39.47
43.93
42.74
42.07
41.8
40.46
39.36
39.3
40.25
40.58
39.87
42.72
38.37
42.55
39.41
36.58
37.32
42.13
39.78
41.24
41.83
41.96
40.55
38.38
39.67
39.8
38.47
39.67
38.92
40.87
37.55
35.94
40.89
39.47
39.35
39.79
40.8
43.26
38.91
39.3
39.68
39.36
37.76
37.89
35.67
37.97
40.2
40.06
39.5
40.12
40.28
40.62
37.34
39.5
42.34
44.87
40.07
38.28
36.1
42.01
40.95
45.41
40.56
43.41
36.75
43.32
40.04
36.84
42.35
42.15
40
44.42
38.51
42.42
43.67
39.73
39.26
42.58
38.67
39.95
40.65
40.35
44.02
42.04
39.36
36.95
41.67
41.41
45.24
40.91
40.31
41.06
39.97
39.58
37.95
41.63
40.1
39.27
40.45
40.02
37.86
46.48
41.32
40.51
38.66
40.53
41.48
43.02
41.57
36.6
40.52
45
38.31
42.83
40.05
40.22
39.48
40.81
40.15
41.06
37.44
42.08
42.52
41.04
42.02
43.06
45.45
36.88
42.39
41.21
44.79
41.93
41.11
42.16
41.29
39.35
44.01
44.15
43.76
43.64
40.48
39.79
41.89
37.66
40.8
38.59
41.91
43.87
38.89
37.94
41.14
45.73
41.3
40.19
35.86
39.97
42.52
40.78
41.28
42.33
40.97
42.81
43.71
41.33
39.02
38.49
45.49
42.3
38.79
43.88
40.19
42.36
39.47
41.69
42.72
37.47
44
40.64
40.79
40.95
43.58
39.15
39.61
42.25
39.24
41.68
42.39
41.21
44.96
38.08
41.83
41.67
40.5
46.3
42.87
44.14
43.67
40.35
40.68
38.53
41.18
39.68
40.53
42.95
42.29
43.81
42.95
40.62
42.27
43.2
44.22
40.63
43.6
44.04
42.67
41.04
45.71
40.41
37.89
39.03
45.4
43.32
42.49
41.6
43.47
39.08
44.2
45.76
45.31
40.9
39.36
43.78
41.57
42.32
44.24
45.57
43.04
44.09
39.69
45.79
40.84
45.4
43.62
40.5
40.57
42.48
40.95
39.25
42.7
37.96
43.18
45.39
43.42
42.86
43.98
40.93
40.06
43.02
44.82
42.66
41.51
42.73
41.89
42.73
42.72
40.5
42.44
40.94
41.32
38.51
42.8
44
42.07
45.16
46.19
44.68
41.94
45.65
48.56
44.27
45.77
44
42.88
41.28
44.32
43.99
41.13
38.55
42.38
42.94
39.63
42.83
45.64
38.41
41.57
41.72
46.79
44.94
40.75
44.25
42.85
43.59
41.57
45.21
42.13
43.74
40.73
44.43
45.3
46.97
41.96
46.29
43.89
43.09
43.29
44.3
40.83
41.52
39.78
40.99
40.12
37.95
41.75
42.78
42.46
44.8
43.6
45.31
44.1
49
41.49
43.6
42.99
44.69
44.5
38.75
47.36
44.85
48.69
45.14
43.26
44.34
37.77
41.74
45.69
44.17
42.71
44.18
39.54
46.38
43.79
41.4
43.95
39.98
44.63
42.3
40.74
43.16
42.5
40.29
43.3
45.74
44.31
44.2
42.54
42.76
47.03
45.5
40.74
47.44
43.32
41.25
42.55
41.44
40.4
43.14
41.6
41.75
45.1
43
44.61
41.41
43.99
45.97
41.97
38.81
43.92
44.43
41.51
42.73
40.26
45.68
40.98
41.66
42.86
44.49
46.74
42.32
41.06
38.07
41.74
40.7
43.16
41
40.78
43.04
46.91
42.84
46.45
40.68
43.52
44.61
49.54
40.88
43.82
42.31
45.56
43.82
45.18
43.72
47.92
42.3
45.32
44.02
41.19
43.37
47.52
44.79
45.49
46.96
44.35
45.94
44.52
43.13
42.87
43.18
41.84
41.52
41.95
44.94
44.74
44.28
45.87
47.5
41.75
46.23
47.87
44.52
44.23
46.53
46.41
43.87
45.46
41.37
44.44
46.16
43.36
41.67
44.34
43.24
46.65
39.23
44.79
46.13
43.45
47.47
44.54
42.82
39.94
47.94
43.66
46.11
43.55
45.16
44.9
45.48
43.2
46.15
46.08
41.76
42.35
42.71
43.17
45.02
47.07
41.53
43.48
47.13
43.31
42.64
48.99
43.06
39.67
43.36
39.41
46.26
46.62
46.68
44.26
43.03
44.47
41.7
40.59
46.72
44.71
43.26
45.96
42.82
42.4
41
45.57
43.27
43.91
44.25
45.23
43.55
48.38
45.35
45.64
47.54
39.88
42.93
47.25
41.51
49.14
45.03
44.24
45.44
49.6
43.14
45.18
48.84
40.87
48.39
42.43
44.01
46.06
43.89
47.71
47.98
45.39
44.4
44.46
45.58
40.19
49.08
43.98
45.48
42.9
45.5
47.85
44.06
41.63
44.4
42.27
47.83
43.04
44.38
43.4
42.55
41.8
43.41
44
48
46.14
42.17
41.26
45.38
44.14
43.57
46.06
47.91
44.47
46.05
47.1
47.25
43.84
44.01
40.32
47.48
44.76
45.61
43.87
45.88
48.53
45.76
52.8
51
43.97
44.4
47.03
47.35
48.98
49.74
43.73
47.54
44.04
48.59
42.76
43.6
50.24
44.58
44.52
47.87
50.49
43.05
41.46
47.24
47.07
47.5
48.09
48.73
48.72
48.78
47.07
40.08
45.14
46.94
45.82
44.4
44.9
49.22
47.6
47.28
41.45
44.71
44.52
45.25
46.63
46.18
45.66
46.69
41.33
49.87
44.29
47.46
48.87
47.5
43.66
50.73
42.94
48.38
49.25
46.5
45.89
45.11
48.92
43.98
47.59
44.55
46.55
46.38
44.24
46.91
41.84
47.71
45.9
45.61
45.03
47.61
44
45.73
45.55
48.36
50.44
48.23
46.31
44.57
46.46
46.11
47.87
52.49
48.42
44.97
45.72
46.9
50.05
44.48
51.57
45.21
40.13
45.69
46.25
43.72
44.4
46.82
49.93
47.23
50.64
47.17
47.69
46.87
46.15
49.95
47.83
47.51
45.3
43.69
41.79
51.51
48.21
47.26
49.54
47.95
48.42
50
49.29
45.68
43.88
44.99
50.51
45
47.97
42.56
45.59
50.2
49.33
43.24
48.4
47.19
48.61
49.45
52.32
50.18
45.55
46.84
43.01
50.96
45.15
43.68
45.59
50.75
49.28
49.9
46.54
45.05
46.81
46.3
44.38
44.66
46.11
48.49
48.4
42.56
43.2
43.78
50.46
46.16
45.23
47.43
47.7
47.34
47.98
49.05
48.05
55.07
43.77
46.57
47.92
49.79
53.96
46.83
44.16
48.5
46.75
47.72
45.78
46.23
47.74
48.36
48.97
44.84
49.9
46.42
48.83
48
51.8
45.49
45.13
49.03
46.24
46.8
49.26
47.26
47.97
50.85
47.51
44.5
46.27
44.79
51.47
50.12
42
46.81
48.41
45.81
50.84
50.18
45.43
49.46
48.49
47.79
46.14
50.44
47.79
47.69
48.62
47.71
44.77
47.85
43.43
42.81
45.51
45
49.66
45.08
47.32
42.07
47.99
44.69
46.74
46.53
47.82
47.5
44.96
43.5
45.79
47.64
49.6
47.25
46.72
49.22
44.15
50.48
51.02
47.27
44.54
46.99
43.68
50.73
48.98
48.86
46.74
45
47.57
46.76
50.58
47.17
49.14
45.02
48.76
41.77
45.23
50.34
47.18
50.33
53.2
45.27
48.85
50.23
49.64
47.28
47.47
46.31
47.71
47.13
43.58
44.68
45.95
42.46
48.55
48.4
48.41
42.69
49.09
50.14
44.47
44.95
50.24
44.73
44.85
51.24
50.27
44.22
46.73
49.5
51.9
45.98
45.96
50.52
41.79
48.88
47.78
50.51
46.64
45.8
46.25
47.91
46.71
45.13
45.9
44.23
47.42
50.85
44.94
51.94
50.93
48.73
52.78
49.96
49.55
49.17
49.83
48.04
50.04
49.61
51.96
43.61
49.14
46.89
49.28
47.18
48.87
52.13
47.39
49.06
49.86
47.57
45.54
53.48
42.49
51.24
51
51.68
49.61
48.23
49.42
46.04
46.82
52.91
49.73
44.38
47.24
50.71
48.84
50.21
42.28
49.34
49.29
50.21
46.94
55.32
49.85
49.01
46.99
52.36
47.33
46.72
51.07
48.9
44.92
47.14
54.73
50.42
45.28
41.94
54.63
50.84
48.93
48.73
46.98
45.92
49.73
47.09
51.62
45.15
48.49
48.51
51.09
52.07
46.97
49.87
50.47
49.94
49.38
50.39
50.29
48.16
47.54
50.54
51.6
46.34
54.32
48.83
50.9
45.26
50.17
47.86
48.5
45.99
50.76
46.24
51.89
50.81
47.67
51.92
46.5
46.69
47.68
50.04
45.78
47.58
47.13
47.89
46.13
51.1
52.78
48.45
47.98
49.34
52.86
49.02
51.08
51.68
50.07
52.43
53.83
52.08
49.39
46.11
46.48
53.13
52.21
50.83
45.73
51.46
51.93
50.17
51.6
50.61
45.07
49.56
48.02
54.61
47.95
46.17
48.13
49.35
53.82
47.86
46.45
44.21
48.19
47.87
45.62
50.74
43.58
48.81
46.78
49.98
48.13
48.77
50.52
46.26
45.87
51.15
51.58
52.12
49.83
50.82
47.9
49.51
53.13
47.43
49.47
48.08
44.59
51.68
47.09
48.74
51.08
52.63
46.29
53.71
49.08
48.9
47.69
51.14
51.35
53.61
49.94
48.67
49.55
49.92
50.28
45.96
48.41
52.06
50.11
52.1
48.43
49.53
46.8
51.98
49.41
48.98
48.26
52.27
47.54
51.4
47.83
48.27
54.35
47.82
50.99
50.3
49.89
47.99
49.13
48.9
47.98
46.97
49.88
58.16
47.81
49.78
49.12
52.95
47.94
51.28
48.38
50.89
49.47
48.1
50.62
50.63
48.74
48.28
47.4
51.05
49.92
46.14
44.79
48.88
51.3
48.88
55.23
49.3
47.22
52.06
52.97
51.74
50.13
51.28
48.58
46.68
50.76
50.21
47.8
51.22
49.26
51.47
54.11
49.74
48.78
50.13
53.62
51.43
51.11
50.21
51.03
52.6
49.08
50.8
52.46
47.16
47.81
45.77
53.86
52.27
49.46
51.6
52.71
52.77
49.15
47.98
47.98
54.51
49.62
45.27
50.73
53.76
50.29
47.76
50.54
52.65
49.36
46.52
53.64
50.44
50.64
55.14
49.7
49.73
49.78
48.61
52.91
49.12
54.29
53.91
48.18
50.34
48.57
51.51
50.05
48.2
56.01
45.79
51.85
50.35
47.38
47.74
50.87
48.97
49.66
50.18
52.25
51.3
47.51
49.16
50
54.88
48.59
48.66
46.64
48.6
48.8
53.11
50.26
52
53.58
51.81
49.69
45.5
51.19
50.54
53.19
45.68
52.1
46.84
52.77
50.96
52.86
50.05
49.77
49.94
52.61
56.13
47.4
52.81
50.88
49.54
53.69
55.14
51.34
50.66
47.99
53.05
51.45
55.25
50.97
48.18
52.38
51.9
51.72
51.01
50.95
50.96
49.5
47.81
50.6
50.5
47.46
52.66
53.66
49.93
49.03
48.67
52.39
53.73
50.14
48.21
48.19
50.84
50.78
46.85
52.59
50.69
52.84
52.21
48.99
51.49
54.52
46.63
50.41
54.64
47.2
52.69
51.31
52.35
54.01
51.71
48.13
54
48.76
49.58
48.55
52.77
49.8
54.02
58.44
53.97
49.26
52.84
54.19
46.42
53.21
50.88
50.88
53.96
48.7
48.98
53.32
53.46
53.24
47.42
54.03
51.46
46.83
52.64
52.29
50.28
51.6
52.75
51.17
49.66
55.4
51.86
52.32
53.06
55.65
54.34
53.62
49.98
55.19
49.33
51.38
46.58
52.02
48.47
50.78
53.82
51.62
50.31
51.52
53.22
47.42
53.1
51.96
45.38
51.2
56.84
50.55
51.2
53.52
52.82
49.14
52.58
46.92
47.1
53.89
58.07
53.41
46.58
55.29
54.74
51.62
50.36
50.08
53.09
48.62
50.04
46.41
53.98
44.85
53.15
54.29
53.29
53.45
52.22
49.6
48.84
49.84
51.91
52.55
55
53.88
49.06
51.91
46.73
54.57
48.35
56.84
53.78
49.47
53.94
48.22
52.11
53.34
48.4
47.81
54.37
54.73
47.03
50.14
54.47
52.38
51.79
49.32
56.07
50.03
52.66
48.68
53.93
53.94
56.91
51.45
53.28
54.29
50.41
51.41
49.86
53.59
56.78
47.74
49.35
50.21
53.32
53.18
53.98
51.61
49.13
49.17
47.14
50.54
46.47
54.91
50.86
50.4
51.48
52.81
59.49
50.99
54.38
53.2
50.25
52.01
55.61
54.36
55.35
49.71
52.37
55.87
50.51
54.12
54.82
51.42
49.32
48.16
57.45
57.31
50.1
52.94
47.21
55.25
51
50.48
46.31
53.16
54.97
57.51
47.62
52.53
52.18
47.98
53.21
56.76
55.17
51.18
48.55
50.51
53.72
53.9
51.23
53.66
53.19
54.54
52.55
53.93
56.49
56.87
51.39
57.13
52.58
53.18
49.5
52.84
50.29
52.39
50.29
50.94
53.62
51.51
49.58
51.03
51.45
53.83
53.57
51.29
51.66
55.81
56.18
56.61
57.75
54.72
46.52
52.79
51.85
51.71
50.76
53.78
56.17
52.63
54.49
51.71
50.86
55.11
52.72
50.84
53.58
52.27
55.75
51.75
51.55
54.41
53.35
54.83
53.05
55.23
52.41
55.69
53.21
56.92
53.97
54.82
53.85
54.57
53.14
47.81
50.59
51.86
52.66
56.71
52.28
54.02
50.65
54.77
51.38
55.76
48.4
54.77
49.42
49.28
54.2
55.8
51.95
56.58
50.99
52.2
51.92
54.68
51.92
54
53.9
54.21
52.95
50.21
48.88
56.29
53.65
57.22
49.93
52.4
51.16
50.89
52.47
50.36
57.88
50.97
48.84
53.6
53.59
51.59
54.15
48.84
50.72
62.28
58.07
52.44
54.94
55.39
60.39
56.44
56.62
52.65
55.39
55.19
52.41
53.04
58.04
52.77
54.12
50.26
57.78
50.89
51.64
49.64
53.87
51.32
53.86
50.26
48.86
51.15
51.69
53.36
51.28
55.77
58.51
54.11
53.88
52.78
53.05
50.71
52.61
53.21
50.38
50.95
55.19
56.25
48.56
55.73
48.96
52.64
52.62
53.1
51.43
58.17
53.42
55.59
53.64
55.38
56.32
54.04
52.04
57.69
49.35
57.93
58.03
49.32
48.43
52.59
53.03
51.33
51.64
53.17
55.5
54.05
53
59.2
50.71
56.1
53.41
57.55
54.37
55.94
55.09
54.89
52.81
52.16
55.67
53.54
47.38
54.5
54.07
50.86
51.88
53.37
57.25
52.32
54.32
51.8
51.66
57.95
58.9
53.32
51.94
48.87
54.56
52.53
52.96
54.74
51.77
57.51
51.96
51.61
53.01
57.97
49.29
53.71
54.31
58.82
51.32
53.26
58.4
53.68
55.02
49.46
49.72
50.81
56.97
59.77
56.28
54.13
53.82
49.85
51.81
51.93
48.5
57.18
54.17
54.75
53.48
52.07
56.68
53.02
51.84
52.01
53.05
54.46
51.03
55.81
56.47
57.57
56.61
54.02
58.34
53.11
56.97
56.3
52.92
50.8
55.21
56.23
54.97
58.25
57.9
57.8
56.87
57.65
51.15
59.37
56.03
52.7
52.68
51.31
56.38
58.63
53.63
51.93
54.73
52.93
52.8
57.43
54.69
57.8
49.22
55.26
52.38
52.6
51.62
52.4
53.83
52.96
53.27
60.44
54.98
52.34
56.09
52.33
52.57
56.69
55.69
56.93
56.32
58.46
56.84
60.96
56.86
50.72
47.91
53.71
55.47
56.1
56.98
52.73
54.54
60.08
55.88
51.82
56.05
50.73
51.99
54.39
55.24
58.09
51.29
50.63
55.03
57.9
53.61
49.29
57.98
61.13
52.63
56.97
54.8
56.6
63.72
56.27
50.92
57.74
54.38
56.68
55.52
56.26
57.83
54.37
50.55
53.86
49.53
49.48
60.17
58.32
56.27
51.03
55.33
56.94
50.38
52.43
54.88
51.05
54.8
56.11
58.26
56.78
55.77
59.95
51.28
57.94
51.89
56.19
55.85
54.97
61.27
55.42
59.15
55.22
57.14
59.44
56.05
55.23
57.97
58.7
55.78
55.06
56.38
57.67
58.59
52.37
57.13
54.94
53.02
65.51
50.04
49.54
56.15
62.15
55.44
54.24
59.6
53.64
56.74
49.79
52.23
53.92
58.1
54.23
54.73
53.94
58.48
59.61
55.75
52.61
54.53
55.1
63.39
57.46
56.2
53.25
53.39
57.26
52.49
59.34
50.62
52.92
56.66
60.4
53.73
55.59
53.23
59.58
55.17
59.39
52.18
55.24
58.14
54.65
56.34
57.7
55.27
54.97
53.32
52.79
60.58
55.12
53.28
58.55
52.65
55.59
56.97
57.21
54.38
57.79
54.95
55.13
61.13
55.15
59.72
56.63
56.59
58.76
54.69
54.07
54.3
55.65
54.23
58.37
56.12
53.67
56.02
58.24
58.03
60.03
49.93
56.57
53.08
55.05
58.22
55.18
55.41
56.61
51.47
56.9
64.87
57.58
52.55
55.7
54.49
51.18
57.3
56.01
48.73
57.89
59.98
62.11
58.89
54.42
59.45
57.36
61.7
58.25
54.67
56.9
54.02
58.61
56.11
59.19
52.33
57.01
57.13
53.19
53.95
58.64
56.28
60.44
57.38
57.19
54.33
54.44
58.83
55.71
53.38
52.76
55.46
57.46
58.04
57.91
52.65
52.83
54.92
55.67
56.97
60.5
57.48
59.14
63.25
54.5
53.2
57.35
58.38
55.06
59.11
58.09
57.88
51.17
53.81
55.46
53.6
52.84
50.08
51.52
60.46
61.11
57.74
55.94
54.06
56.19
57.27
56.01
57.07
54.56
56.72
57.31
57
55.58
59.14
56.07
60.17
54
53.38
56.72
56.71
52.9
59.25
59.06
57.06
57.45
53.33
55.62
58.05
60.14
55.13
56.37
58.66
56.24
52.3
54.43
61.48
55.85
54.47
56.55
53.81
55.59
53.9
58.46
58.4
57.06
56.65
54.67
53.02
56.4
58.25
59.14
54.74
60.93
58.25
54.95
58.57
54.87
58.01
57.12
57.52
59.84
54.52
49.99
54.97
59.64
59.27
56.18
55.33
51.73
56.64
62
59.53
56.31
63.22
57.23
56.35
59.01
59.08
60.23
62.18
58.32
58.9
57.43
61.12
53.72
62.23
63.42
58.66
61.58
63.46
61.18
57.43
54.86
53.63
57.71
58.28
59.33
58.93
57.67
59.51
66.47
55.64
54.02
56.84
57.56
55.56
55.03
56.5
60.13
57.99
56.45
60.97
63.19
54.43
56.68
57.65
59.87
58.68
59.73
60.95
61.45
57.29
56.76
54.53
56.46
63.71
54.64
48.37
62.03
56.86
60.83
58.29
60.83
59.56
53.85
57.12
60.27
58.85
58.49
53.83
60.26
57.92
59.12
55.66
59.79
62.96
57.18
56.32
58.53
57.88
54.44
56.43
59.47
63.17
58.78
56.66
56
56.89
60.86
58.31
56.15
52.95
58.43
53.24
58.81
52.92
56.48
59.02
53.74
61.7
62.72
54.7
59.82
55.57
57.6
58.68
57
59.04
57.83
58.68
64.7
59.34
57.3
58.66
55.01
56.35
55.73
57.53
56.09
54.39
63.18
56.53
55.58
55.18
55.65
59.86
61.64
57.77
60.92
58.38
54.53
57.98
62.32
59.34
59.13
57.39
53.41
53.91
57.59
57.56
58.94
64.18
58.06
53.58
57.66
58.33
62.96
58.41
62.26
58.27
57.52
58.17
63.86
58.72
59.32
60.22
62.07
56.07
57.06
59.24
60.98
54.21
60.74
60.16
58.83
62.14
57.01
60
62.43
55.84
60.09
66.21
56
55.18
57.59
61.44
57.08
62.54
57.15
57.81
57.52
58.94
54.47
53.86
59.89
56.23
61.15
60.13
56.18
56.48
60.12
56.43
59.21
56.26
55.9
57.78
59.13
56.47
57.47
56.53
62.06
58.8
57.6
59.18
60.22
57.57
53.39
56.93
59.76
56.54
56.08
57.69
58.09
56.76
58.03
56.93
57.36
64.19
57.45
61.8
54.48
52.71
53.96
59.08
63.56
56
61.04
57.71
57.71
55.7
58.52
59.38
57.94
57.86
58.16
61.21
54.28
58.88
59.97
56.56
57.18
60.09
60.34
53.56
56.69
60.29
56.65
59.04
55.61
60.72
61.31
56.82
60.78
58.6
60.39
64.33
57.82
54.01
54.55
59.53
59.01
52.76
54.36
61.63
64.19
59.85
59.42
54.41
61.27
55.65
59.75
54.95
59.84
59.07
59.35
57.3
59.23
53.08
54.56
57.4
57.18
57.12
52.33
56.43
61.54
58.14
61.09
55.74
58.26
63.18
58.63
57.73
56.73
57.78
58.09
54.45
59.92
64.44
56.4
55.61
58.06
54.08
55.22
63.47
55.39
58.28
55.49
60.5
54.29
63.59
60.75
60.06
57.92
57.41
60.54
60.89
63.44
55.67
56.65
58.08
61.11
57.64
58.36
58.31
60.14
56.59
63.88
54.53
55.64
54.43
61.36
58.08
61.34
63.65
59.8
63.55
55.82
59.59
61.93
63.35
62.41
57.31
58.51
56.67
57.82
63.75
63.51
56.43
61.24
60.9
60.68
58.97
61.28
57.63
60.51
58.69
60.29
59.55
55.28
62.61
58.54
55.36
59.67
54.09
58.05
58.64
57.41
56.44
60.54
60.9
60.32
53.44
58.19
52.1
62.44
59.78
58.96
64.78
61.2
62.56
56.65
60.02
58.08
61.1
55.4
64.61
60.98
56.5
61.9
69.34
63.82
59.92
58.45
58.13
64.1
62.43
61.35
60.92
60.01
61.58
59.75
61.34
58.22
58.39
59.72
58.39
64.76
62.36
56.53
61.65
53.88
64.07
62.54
59.07
59.07
63.58
58.79
58.64
59.36
61.16
59.26
66.43
63.73
63.01
61.91
59.95
54.63
60.84
59.74
54.61
59.78
62.62
57.53
62.92
62.85
58.08
56.6
60.7
57.88
53.21
61.63
58.95
61.52
63.49
57.78
58.67
58.81
63.76
57.88
64.02
59.45
56.5
59.52
64.21
64.71
62.36
58.96
57.59
61.49
57.77
54.9
57.35
62.05
61.37
61.47
62.73
57.38
66.95
65.49
60.36
58.05
61.89
54.8
53.73
55.38
62.71
60.43
59.84
61.61
58.68
61.42
56.57
60.86
64.26
64.02
64.12
58.86
60.91
65.62
60.93
59.56
63.09
56.11
58.21
57.45
56.23
61.17
54.37
63.39
54.08
62.88
62.01
56.16
59.78
60.94
53.91
60.19
63.26
58.05
59.73
68.36
66.01
70.57
57.51
59.76
58.94
59.65
59.73
63.37
61.52
62.37
60.18
60.91
56.82
59.42
65.36
58.3
61.85
62.63
66.35
59.96
61.27
59.81
59.57
63.49
68.14
61.47
58.26
65.02
61.75
65.54
62.61
63.7
60.36
58.65
60.13
62.02
63.51
60.22
58.51
64.04
69.11
63.59
58.39
63.34
60.77
65.23
53.33
58.64
60.89
65.08
60.68
59.93
59.52
66.53
65.56
58.72
55.26
58.7
59.41
60.49
58.54
56.52
64.38
54.33
56.97
59.37
58.84
57.46
62.7
62.1
63.61
60.94
59.63
60.29
54.44
59.53
65.39
61.23
55.34
57.3
62.36
62.92
56.73
53.87
64.18
71.98
61.95
59.62
61.66
59.44
57.76
59.27
53.4
62.6
61.47
61.5
64.46
58.05
60.2
60.28
56.85
61.42
61.42
62.3
63.79
60.19
58.83
65.25
60.56
58.01
61.75
66.3
59.22
62.82
61.92
55.01
57.36
60.28
68.02
61.36
66.64
61.78
61.56
59.63
57.43
59.99
58.56
66.49
62.95
57.47
58.27
61.71
67.5
62.63
61.72
60.55
60.89
66.69
57.32
57.76
64.1
60.26
65.48
61.63
60.6
63.87
66.92
57.47
59.84
62.92
65.41
67.88
66.72
62.64
57.86
55.36
61.62
57.08
61.4
66.7
61.16
60.8
62.46
57.76
65.25
61.85
57.87
60.33
64.15
67.09
67.41
65.85
63.61
59.7
57.23
62.58
65.78
62.6
62.74
62.82
61.46
55.79
61.28
61.84
59.11
62
61.72
68.44
56.73
55.73
64.74
69.85
62.74
63.82
59.71
58.07
65.43
61.43
66.38
59.1
58.03
55.99
66.06
61.35
58.43
61.07
65.93
64.65
62.71
60.76
65.04
67.4
63.44
63
65.81
57.49
59.24
62.34
66.72
59.6
62.96
71.14
62.06
61.32
59.7
63.84
64.41
54.75
56.7
61
69.27
63.09
63.86
51.86
64.63
61.3
62.7
62.24
62.82
64.02
58.43
62.58
61.84
58.91
60.79
62.77
62.89
66.14
61.29
58.67
66.69
57.87
60.58
64.47
61.9
65.18
63.55
62.73
64.93
57.99
64.35
63.89
70.2
59.07
64.21
65.05
59.68
59.44
51.99
60.81
66.52
63.72
63.06
62.44
59.85
63.86
62.52
60.22
64.86
57.63
62.38
62.24
60.63
59.79
65.78
69.6
57.83
62.81
66.01
64.39
57.8
64.82
65.76
59.7
55.76
64.58
64.75
61.75
63.25
64.25
56.54
56.71
61.72
62.59
66.47
60.41
60.57
57.49
58.08
62.08
62.39
58.94
64.08
65.38
61.63
66.26
65.86
57.91
64.16
63.35
63.06
54.83
63.25
61.73
62.16
66.8
60.91
63.17
63.39
54.86
68.76
58.57
63.23
61.14
56.76
59.6
58.28
65.47
68.71
58.82
66.17
61.55
64.74
65.71
57.35
60.99
61.08
66.77
63.74
63.63
66.88
65.88
64.42
61.49
60.08
60.39
58.55
59.62
61.93
64.41
61.45
61.47
58.76
68.15
62.22
63.13
57.68
65.63
57.36
63.83
65.52
67.56
59.03
61.89
60.38
61.84
59.92
65.27
57.22
65.87
60.78
66.22
62.64
63.59
58.15
60.45
66.56
67.53
66.95
58.67
59.32
69.12
65.25
56.98
65.92
63.47
66.86
59.14
62.16
59.87
64.58
67.83
64.26
66.45
63.83
60.1
56.16
67.77
60.95
63.21
67.75
68.47
68.13
64.31
65.22
66.24
70.04
69.96
65.33
67.34
65.82
62.96
56.8
60.92
59.55
63.61
63.75
62.19
63.33
67.02
64.69
60.57
60.1
63.68
67.09
70.12
59.72
65.34
59.42
59.92
66.79
72.88
61.69
64.29
55.74
67.36
60.85
65.06
65.72
64.4
63.57
62.34
68.36
62.22
62.52
68.59
67.8
66.02
60.19
65.2
63.16
67.86
62.16
57.71
63.07
61.86
58.27
61.89
63.14
58.22
64.58
64.67
62.48
66.82
65.49
62.87
58.2
68.05
57.87
64.94
62.77
59.34
59.07
64.4
64.55
61.67
54.79
61.61
61.04
64.12
64.81
61.78
61.82
65.89
60.39
66.35
69.35
65.21
60.79
57.58
58.92
60.55
57.97
58.32
68.35
66.37
67.79
64.08
63.33
61.17
61.37
60.88
65.38
60.04
68.3
65.01
60.85
61.37
62.02
70.02
62.98
59.21
61.97
65.61
58.9
61.12
62.44
60.87
70
53.95
60.47
64.38
62.59
61.54
69
57.55
60.03
63.46
59.38
67.1
66.12
59.84
68.41
60.17
60.43
66.49
65.23
58.33
64.93
64.93
60.63
63.18
63.74
63.06
63.1
59.28
68.46
65.34
69.23
56.69
61.15
61.99
59.64
62.14
65.31
62.15
69.57
65.87
62.15
66.56
64.25
63.58
67.13
68.93
68.25
62.24
64.36
63.74
61.42
63.44
62.99
65.62
67.71
65.02
69.55
65.04
67.46
63.56
65.01
63.95
63.77
60.23
67.03
64.08
61.65
69.69
60.98
62.29
66.64
60.61
67.6
63.41
65.69
59.22
59.62
68.4
67.15
67.04
65.71
62.04
64.41
70.61
67.54
67.18
63.96
59.78
62.58
62.82
66.42
68.42
63.73
68.89
64.95
59.32
56.16
60.61
56.89
62.4
58.16
63.06
69.37
67.11
66.44
69.41
71.38
64.03
62.47
67.57
60.66
64.28
64.35
66.25
62.22
68.06
66.3
61.19
65.06
70.27
60.96
67.24
62.45
65.05
56.44
71.41
58.9
64.44
72.46
60.56
64.52
64.97
67.39
59.95
69.25
71.1
67.45
61.41
67.76
67.36
67.64
68.52
63.94
67.13
70.36
65.41
60.15
61.35
61.15
57.99
64.5
67.52
63.21
67.08
60.45
66.37
64.24
64.89
67.05
66.56
66.93
60.03
63.5
72.28
58.83
67.16
66.62
60.88
60.11
69.96
64.78
70.35
62.46
65.55
62.51
62.33
64.96
62.31
63.58
64.47
64.34
63.06
63.92
61.39
68.24
62.06
63.83
69.04
61.07
67.68
66.31
64.52
64.93
69.62
66.85
66.59
64.71
61.74
63.82
63.99
67.92
61.19
61.65
61.85
65.39
69.03
65.55
61.32
64.19
68.19
76.31
65.67
66.62
63.95
59.48
63.28
63.37
64.78
62.65
65.63
68.84
63.53
56.09
63.9
68.18
66
64.6
65.8
68.17
63.8
63.97
66.14
63.64
63.93
56.7
68.13
62.46
59.17
64.57
67.43
56.97
64.06
62.75
64.18
65.9
69.42
71.2
60.94
58.51
68.95
71.37
67.29
67.69
68.98
67.63
65.37
65.47
74.33
58.26
72.11
63.19
65.79
62.63
66.22
71.52
60.26
67.84
61.52
69.74
65.79
65.41
68.45
64.59
62.53
65.66
61.59
71.07
62.95
65.27
63.91
58.16
62.44
68.24
68.87
69.71
66.2
63.36
64.99
71.1
66.93
68.15
61.69
70.71
65.07
68.78
68.72
62.73
65.09
61.98
66.91
64.07
62.63
67.55
71.57
68.18
67.58
59.72
62.84
62.55
69.07
68.22
65.41
71.06
63.37
64.92
64.75
63.36
67.24
67.05
65.68
60.42
63.7
69.85
69.83
69.66
63.26
66.54
61.2
61.68
58.92
68.48
64.42
67.12
64.31
66.44
63.58
66.81
68.77
68.7
66.5
62.62
71.65
66.88
61.43
65.41
61.51
64.88
66.64
66.62
67.43
74.58
66
65.56
63.43
65.31
74.32
70.33
68.18
70.91
61.41
60.36
58.44
73.92
61.24
69.12
60.19
62.82
68.46
69.19
69.47
70.63
64.67
72.42
70.06
64.71
67.25
68.37
70.35
65.61
60.34
70.28
61.14
59.46
65.15
70.16
66.48
63.14
64.16
67.04
58.3
68.83
67.17
68.3
66.59
63.85
64.11
66.57
64.72
63.96
61.29
65.38
63.83
63.41
66.32
72.76
65.27
68.83
65.96
65.42
65.07
69.85
61.78
64.44
63.91
74.01
70.82
68.79
61.24
68.76
65.1
64.3
65.29
67.5
68.18
73.21
68.06
65.57
60.93
69.95
67.48
70.29
62.19
65.37
67.68
68.19
73.19
67.33
66.71
65.49
68.55
64.11
61.91
65.19
64.62
64.75
78.27
60.2
65.39
63.98
62.78
62.62
64.08
67.57
68.89
65.58
71.32
60.35
65.18
59.46
71.25
62.36
63.27
62.86
70.64
61.21
69.28
63.08
63.93
67.41
71.43
65.56
75.04
65.71
65.35
65.67
66.32
67.18
66.13
67.61
62.67
66.63
69.02
65.3
67.12
63.55
63.66
67.52
71.83
68.92
64.99
65.25
65.72
66.61
69.84
64.31
63.99
64.92
63.6
64.8
62.14
65.7
68.58
61.42
64.29
63.56
59.13
63.85
69.2
63.04
61.01
65.94
71.91
63.75
66.48
71
62.87
70.23
59.49
61.38
63.42
69.23
69.8
66.39
74.17
67.36
74.25
71.04
67.65
66
69.15
69.89
63.73
70.09
69.67
65.25
65.5
68.73
69.37
64.38
71.49
68.6
66.15
63.8
67.6
69.08
70.31
71.03
66.71
63.18
63.18
66.58
73.57
70.64
66.84
64.17
62.64
69.77
69.63
74.64
68.08
63.66
67.39
65.56
65.16
76.6
62.9
71.71
66.2
67.11
66.1
69.39
65.53
73.11
70.33
69.11
61.51
68.32
63.31
69.31
73.58
69.16
72.6
66.4
70.31
67.74
71.43
68.29
61.13
66.35
63.65
70.74
58.85
71.31
65.72
62.97
68.74
66.3
62.5
66
63.43
68.79
70.6
66.6
71.41
67.17
71.81
69.71
74.22
62.01
67.59
67.41
63.98
65.73
62.98
67.09
61.32
73.08
67.57
68.38
65.34
69.53
67.43
70.34
67.79
63.08
67.99
68.55
61
68.42
75.51
62.73
62.07
68.36
64.35
67.01
64.27
63.28
68.83
66.12
72.21
67.64
67.56
65.97
67.35
67.5
68.11
68.58
65.06
70.97
72.88
62.08
65.21
66.3
68.97
67
70.21
65.83
71.79
68.77
66.36
67.71
64.52
68.12
60.69
66.83
68.32
69.35
67.22
68.99
75.39
68.13
69.31
66.23
71.21
68.29
62.34
64.72
64.94
70.49
66.05
67.35
66.59
69.57
61.77
56.75
68.83
70.04
71.07
72.07
68.17
72.29
72.52
65.77
69.46
74.73
69.42
67.93
66.18
69.23
67.95
66.37
67.66
66.96
69.96
72.61
63.81
65.39
68.18
65.26
68.26
75.63
68.7
66.18
73.35
68.97
64.41
71.41
62.18
64.93
61.61
65.79
73.52
61.08
68.77
65.11
67.78
68.02
62.61
72.76
69.3
74.84
74.1
76.04
63.41
73.77
79.06
72.87
62.98
65.73
69.97
66.57
67.9
65.3
69.19
69.66
66.93
68.77
66.77
67.26
74.31
69.52
68.35
71.59
75.96
71.38
70.45
66.46
66.4
65.31
71.75
63.8
67.5
74.28
72.38
69.94
66.12
69.26
70.4
67.54
69.91
66.39
63.11
69.48
65.42
66.77
70.02
65.52
68.7
65.8
64.89
68.83
69.14
70.41
65.93
67.44
64.95
66.14
71.07
66.74
62.32
67.09
68.27
68.81
64.5
73.51
66.67
63.6
63.75
68.55
62.54
68.5
69.15
68.99
65.69
66.82
66.59
68.84
74.7
67.22
66.62
73.26
71.02
74.49
68.99
68.76
67.14
67.88
69.91
71.03
66.02
71.05
66
70.11
78.12
71.7
72.04
68.1
69.49
64.75
70.8
72.36
68.31
68.51
72.06
71.66
72.3
60.65
60.65
66.58
67.07
64.47
65.06
64.76
71.17
67.85
62.98
64.57
61.82
74.2
70.01
66.16
65.84
70.48
66.08
70.58
66.13
60.95
68.67
68.96
65.56
71.17
63.95
68.67
68.58
71.66
69.82
73.31
68.88
71.55
65.12
74.64
62.47
70.44
68.78
70.01
64.29
71.84
65.73
65.43
68.59
65.12
71.74
66.12
71.57
65.67
69.64
68.71
67.9
70.38
69.74
64.04
73.8
64.17
64.47
71.01
73.47
72.88
71.44
68.96
70.96
74.82
69.03
67.63
67.99
71.33
64.71
83.4
72.41
65.45
68.39
69.83
71.58
73.04
74.09
67.34
70.97
69.61
70.64
68
72.34
65.23
70.54
67.44
70.07
67.96
74.1
71.5
67.56
71.87
66.51
67.27
63.24
75.15
69.95
69.81
65.55
66.06
71.43
74.5
73.14
71.29
68.73
65.3
67.98
66.3
62.94
63.87
73.49
70.57
63.26
66.66
72.2
69.25
69.9
73.8
65.81
69.55
70.37
71.96
70.54
61.58
68.76
69.38
64.06
67.26
69.17
71.62
70.62
63.71
69.11
68.73
69.96
74.27
61.17
69.51
71.18
69.95
71.52
63.08
73.89
65.96
70.69
67.1
73.44
64.92
68.91
67.75
70.86
68.67
69.54
77.83
73.86
73.22
73.73
73.12
72.86
67.52
68.6
76.71
69.68
66.57
72.83
60.73
72.62
66.4
73.98
65.27
71.19
66.96
67.09
67.46
64.66
67.09
78.6
65.27
71.72
76.35
72.4
69.6
67.18
66.62
72.75
69.41
69.6
66.82
72.16
73.52
71.22
70.8
65.31
68.66
73.4
67.52
65.69
73.18
68.75
63.29
67.14
67
67.64
66.62
68.72
70.24
64.17
75.52
73.28
74.48
69.76
66.53
73.9
69.75
69.95
68.49
69.19
70.95
74.11
69.02
69.7
70.4
71.04
66.43
70.83
66.93
66.79
70.17
67.61
73.54
76.03
66.97
73.21
66.01
71.39
69.64
70.99
67.88
73.65
69.19
72.23
73.5
73.29
70.76
67.11
70.79
69.22
75.41
73.68
65.05
67.5
70.15
72.22
72.6
65.17
71.71
71.39
69.7
71.06
67.2
75.19
72.12
68.48
68.13
65.05
71.01
73.08
73.85
69.33
75.94
66.67
64.68
64.66
65.08
65.4
73.52
68.47
70.56
62.44
69.51
75.11
71.62
61.02
70.59
78.58
71.41
66.76
75.37
73.24
70.67
66.79
72.61
72.87
68.14
68.24
73.14
59.98
65.02
70.56
76.45
67.27
65.93
70.5
70.34
71.16
72.93
69.92
73.33
70.15
76.62
72.63
74.4
64.29
69.93
67.7
69.38
73
68.96
64.79
71.68
67.87
69.91
71.84
68.76
67.33
70.53
69.83
72.2
73.57
76
74.06
68.87
67.34
65.83
72.02
69.81
62.41
70.03
71.95
78.57
70.34
71.64
77.51
76.07
70.17
72.91
73.05
73.85
75.2
62.81
68.66
77.13
75.72
71.7
70.71
76.67
76.94
71.86
70.5
79.38
70.94
68.4
71.15
69.29
70.02
64.41
76.49
71.16
71.08
71.89
73.36
68.79
72.54
67.53
67.04
75.87
68.14
66.61
73.76
60.7
75.82
63.53
70.55
76.59
74.21
72.32
70.99
68.8
76.04
67.71
70.89
70.25
68.59
74.22
70.52
76.23
68.02
70.34
73.94
81.6
74.13
75.28
74.8
67.8
74.3
79.98
71.42
70.24
66.76
72.42
76.52
71.78
78.47
69.1
74.44
69.84
69.94
70.27
74.98
74.33
75.13
69.32
72.63
66.91
69.79
70.77
73.81
67.19
70.78
73.24
74.2
74.42
72.39
68.21
77.95
61.87
69.8
74.84
66.75
81.59
65.17
64.4
74.51
73.56
74.74
72.37
66.56
67.05
69.72
76.37
74.52
65.18
72.86
70.75
68.93
67.06
71.22
76.11
70.7
69.89
69.77
71.58
75.69
69.41
74.62
79.33
69.75
67.37
67.1
66.05
72.17
70.07
70.17
76.11
69.55
66.65
71.04
68.76
75.65
66.29
76.48
69.59
68.85
72.12
66.96
73.68
73.42
72.32
73.26
74.71
75.65
70.18
78.6
78.47
65.64
71.78
79.64
71
76.05
66.67
76.88
65.58
64.4
65.04
74.52
69.25
75.04
70.58
71.82
74.18
74.88
73
66.49
74.49
69.41
67.65
69.55
69.37
76.1
76.08
76.51
68.16
73.18
73.52
72.47
69.57
67.28
73.11
73.25
75.04
74.68
72.36
72.63
74.75
71.01
70.81
68.64
75.93
73.67
72.78
78.31
71.48
73.3
75.14
71.57
78.3
66.49
67.36
73.7
72.06
66.32
71.35
76.72
72.09
68.31
69.92
75.32
62.58
78.25
70.44
68.27
74.75
69.4
79.36
76.06
73.95
75.47
70.39
66.46
72.89
68.09
80.94
67.1
66.57
66.55
72.47
67.2
80.1
78.64
76.76
68.41
72.48
74.06
79.47
71.93
74.3
75.78
64.08
74.32
65.73
71.18
69.25
70.61
70.56
72.38
68.64
80.33
72.98
71.3
75.36
68.22
72.42
74.21
70.13
66.97
71.07
72.2
65.27
68.77
70.16
73.82
68.15
67.06
72.82
71.31
68.43
76.49
67.87
70.07
75.02
68.79
75.03
75.51
67.78
75.92
63.44
65.68
73.44
82.11
69.6
64.72
73.01
73.08
63.92
70.29
68.04
69.28
71.97
69.96
79.44
68.03
72.75
67.91
70.37
72.91
72.68
71.83
64.69
70.99
67.76
73.62
68.75
70.91
69.21
76.49
72.26
70.07
76.34
70.21
71.58
68.63
63.73
78.86
67.62
69.38
72.1
70.73
75.23
69.64
75.99
69.58
73.87
76.78
69.6
72.83
69.6
74.93
67.34
77.34
72.38
72.83
68.55
72.68
78.08
66.98
73.75
74.19
72.95
76.71
65.37
70.71
71.49
66.3
68.94
70.31
68.59
75.66
71.95
73.65
77.66
74.64
73.38
74.54
75.27
73.57
73.86
69.18
72.51
72.52
69.57
73.06
73.97
74.51
69.04
71.76
74.02
76.08
74.89
69.34
77.29
74.16
69.86
75.12
76.95
70.88
75.81
72.94
71.82
68.88
74.22
72.83
78.36
69.49
68.82
70.73
65.12
67.96
70.1
77
72.1
66.84
72.23
68.52
81.1
73.31
70.25
75.13
71.15
75.23
74.49
72.94
71.05
75.29
75.87
77.64
75.35
77.31
69.93
77.52
67.14
73.5
75.52
75.81
78.41
68
63.23
74.89
72.52
75.69
75.89
68.75
71.97
68.11
75.44
71.05
71.02
70.88
67.35
74.6
70.12
72.22
81.82
72.34
74.41
77.73
73.45
77.96
72.16
80.83
73.74
74.5
70.37
66.97
66.4
70.44
73.08
74.66
68.56
76.21
74.2
75.38
76.44
67.45
73.67
67.1
70.43
76.64
71.8
83.48
80.68
72.04
75.91
72.32
70.44
68.13
77.59
70.48
71.9
67.72
63.48
72.6
72.39
72.54
67.97
77.65
79.52
67.25
80.46
62.84
73.61
69.64
74.92
73.25
72.48
70.5
68.01
72.02
70.1
80.46
78.53
66
74.91
69.16
70.57
74.8
73.35
72.22
73.63
76.9
74.81
75.3
80.78
68.86
76.4
74.47
76.46
71.03
71.75
68.7
69.03
75.5
71.43
78.87
70.96
71.4
74
68.17
71.19
73.92
74.91
74.07
74.34
76.89
77.63
70.07
81.89
76.59
66.72
71.32
77.39
77.92
70.97
70.65
70.05
81.69
71.33
78.27
71.14
73.51
80.95
71.75
69.71
74.59
74.19
76.26
70.29
76.35
71.37
73.22
72.45
76.35
76.4
73.03
69.81
67.34
74.1
75.63
72.8
71.07
70.57
79.32
78.38
73.96
75.96
77.39
80.68
69.03
83.04
77.48
68.55
77.47
72.02
73.11
78.45
75.35
74.35
77.04
67.73
69.05
74.22
71.68
70.93
80.48
69.67
74.2
80.2
70.35
66.69
67.27
71.63
72.8
77.8
77.02
74.88
70.6
69.27
70.9
69.19
69.23
62.28
78.65
74.97
75.28
71.44
75.33
76.81
79.23
74.23
71.07
74.21
71.75
77.65
74.13
76.4
72.67
76.03
67.05
68.37
73.72
72.53
69.11
76.24
78.25
75.6
71.15
71.36
72.59
73.12
68.53
82.77
78.9
72.18
77.14
76.71
74.99
76.47
73.38
78.27
80.88
74.97
74.42
73.53
76.34
71.37
74.59
78.94
71.93
74.49
73.14
70.47
74.29
74.48
80.47
76.34
70.5
74.51
80.75
72.43
77.3
76.14
73.55
70.21
73.01
71.09
69.64
69.14
69.55
74.47
73.55
72.68
76.52
71.83
70.6
85.02
72.17
69.28
72.41
73.84
68.86
75.63
74.42
77.03
75.64
77.41
74.64
74.59
73.31
74.54
73.64
73.83
73.78
77.07
72.12
67.34
76.5
67.18
69.09
71.2
73.31
74.7
77.43
73.07
75.15
78.54
74.3
70.87
73.9
83.47
80.35
74.73
77.13
71.19
76.58
72.86
77.65
71.5
75.22
67.14
72.36
74.5
74.73
74.44
74.63
77.63
77.08
75.08
72.08
73.2
75.61
76.29
75.18
77.34
76.57
73.61
71.17
72.24
76.97
73.22
72.1
86.09
73.97
80.84
65.27
72.89
83.29
72.47
80.79
79.32
80.83
80.93
76.48
81.42
71.38
76.12
75.94
76.75
77.01
74.68
75.36
73.53
78.55
71.06
73.51
70.96
73.41
75.68
76.68
78.38
74.84
69.51
76.05
74.2
80.75
77.22
78.87
78.48
73.73
72.08
80.82
68.94
74.62
68.66
73.91
66.88
75.2
79.45
75.12
75.01
77.2
74.26
77.24
74.09
77.7
77.62
75.4
72.49
78.94
79.89
74.85
78.42
71.64
72.71
71.51
71.42
75
77.29
73.77
78.26
73.95
76.85
77.11
70.69
81.02
73.7
75.71
73.68
74.48
71
76.88
74.96
84.39
77.53
76.46
77.36
72.69
71.98
71.28
73.67
77.45
74.55
76.28
73.09
77.33
71.52
64.6
73.72
70.05
72.69
69.44
76.24
72.55
76.46
77.14
68.51
78.74
75.45
79.75
74.31
71.98
71.88
75
69.56
85.72
75.33
73.9
75.93
70.13
74.1
71.03
77.24
77.81
71.08
76.18
79.06
73.2
74.89
75.1
72.89
82.51
70.59
64.91
73.58
72.53
70.42
74.55
81.55
80.89
74.56
73.88
79.75
76.33
78.21
82.07
66.85
75.74
75.52
72.27
83.24
73.85
72.82
74.11
77.32
71.7
79.65
71.2
73.47
71.55
74.58
80.57
69.8
77.32
78.1
76.15
74.43
75.99
76.38
75.46
75.08
73.75
78.88
75.79
77.75
79.57
70.89
74.38
79.32
77.26
80.74
75.09
72.37
79
75.7
74.2
71.84
80.13
69.71
73.48
77.65
74.29
80.63
79.36
65.74
77.19
71.66
73.03
71.97
76.86
76.58
80.08
75.3
76.66
67.92
77.96
77.92
71.04
76.75
76.99
72.77
74.86
78.85
80.2
71.34
82.59
76.1
80.84
76.13
82.7
80.63
74.57
78.18
83.53
68.48
76.1
75.46
74.74
82.37
76.7
69.54
77.42
70.37
75.29
75.27
75.43
77.92
81.22
71.67
71.56
75.07
73.75
82.04
80.39
77.17
77.65
75.9
73.53
78.61
76.06
78.62
74.37
76.63
73.34
70.39
76.99
72.04
77.28
80.67
73.38
68.71
72.01
87.63
71.17
75.71
76.83
75.71
73.57
74.44
79.98
79.58
79.3
70.64
73.12
78.47
72.39
76.89
69.55
80.51
70.83
69.88
77.7
79.08
80.08
79.69
74.71
75.52
80.16
72.76
79.93
77.43
78.52
76.87
78.53
82.54
81.62
78.12
73.79
72.51
70.64
69.92
75.9
80.65
77.77
77.44
77.68
79.57
77.96
77.16
72.32
80.79
75.59
79.91
82.56
75.68
75.47
74.78
78.44
77.45
68.39
72.36
71.45
77.14
83.38
72.5
84.48
80.88
77.24
76.79
79.13
70.7
81.16
83.18
74.68
72.07
75.46
73.4
73.67
72.02
81.33
76.02
79.51
81.87
77.56
73.77
74.8
80.92
73.02
80.8
75.2
79.48
71.01
74.76
72.78
70.49
75.59
79.35
75.52
70.31
75.19
74.74
75.83
69.67
75.48
77.81
72.82
70.31
78.58
76.67
75.69
79.96
78.02
68.52
79.88
74.13
83.18
73.74
74.82
76.88
77.32
75.85
69.69
77.53
73.97
72.16
74.72
78.55
78.38
79.6
79.43
78.17
81.77
70.77
77.14
84.51
77.9
85.02
74.42
73.64
74.19
79.08
79.65
77.73
80.03
72.15
75.88
81.41
70.82
77.53
78.23
72.09
83.2
78.22
74.41
76.16
79.23
77.21
77.2
70.83
79.23
76.22
76.81
72.63
80.65
85.79
74.12
69.41
81.65
78.32
80.87
79.18
78.75
81.45
76.68
72.48
84.21
76.79
80.3
80.96
72.08
71.53
84.29
75.93
75.69
72.69
80
70.82
79.93
76.68
87.14
84.14
76.67
77.85
71.24
80.77
79.19
73.99
78.18
80.67
77.93
75.38
78.81
74.18
71.72
79.2
70.86
70.44
79.54
80.62
81.88
79.45
80.4
78.62
73.34
75.38
78.61
75.14
75.2
72.8
74.36
71.7
80.56
72.41
79.39
82.19
72.99
81.85
89.08
72.7
74.32
75.61
78.1
81.62
74.64
68.32
79.87
77.38
68.8
74.38
77.44
78.6
82.9
79.75
74.7
78.51
80.44
72.21
81.34
75.77
79.02
78.82
79.52
71.77
82.96
72.78
77.92
72.74
80.03
81.58
82.24
74.97
72.35
78.63
72.94
82.78
74.47
81.7
75.54
69.78
82
74.6
75
68.13
81.13
77.78
75.31
79.63
83.6
80.46
81.41
74.06
72.49
80.96
76.82
76.86
74.59
83.01
81.92
69.98
80.02
81.15
83.18
76.36
77.03
73.93
78.31
68.07
76.56
82.19
85.1
78.83
67.18
68.4
79.07
84.76
79.63
81.94
81.55
81.41
85.93
70.66
73.96
81.02
80.66
77.11
75.33
78.22
80.8
80.32
71.81
77.33
76.66
70.25
78.75
74.42
76.41
81.81
75.25
74.26
76.27
89.31
79.77
76.2
75.48
76.73
84.24
75.49
80.99
78.12
78.17
82.84
71.86
75.41
76
78.89
77.84
84.84
73.78
76.82
80.93
84.39
76.98
83.82
72.51
83.75
80.03
79.56
76.35
81.84
71.9
72.38
79.33
79.17
87.86
79.93
81.26
79.73
79.15
73.61
71.06
72.57
88.44
79.22
77.31
81.92
88.06
82.23
79.63
73.88
79.34
80.17
79.18
78.35
75.87
80.12
84.87
75.06
80.58
78.99
77.58
84.15
78.19
71.87
75.83
86.5
81.41
73.92
71.91
76.64
77.71
82.15
75.83
75.44
73.45
84.89
74.61
83.77
74.72
80.22
81.55
76.23
76.37
76.02
81.5
80.05
81.08
77.32
76.92
83.94
82.28
78.47
83.17
72.4
77.81
71.83
76.56
84.54
74.78
81.81
81.96
75.15
72.39
79.5
76.13
77.23
74.68
77.58
76.11
84.41
78.82
76.7
68.71
70.46
79.69
82.63
75.36
72.55
72.39
85.52
77.92
73.13
77.68
77.71
78.64
80.01
77.94
88.97
79.76
72.28
78.21
82.36
83.23
76.9
81.49
68.17
73.91
76.51
75.87
85.91
78.27
83.05
74.57
77.86
81.16
79.37
73.59
81.25
81
80.97
79.42
72.81
78.69
81.94
70
81.82
75.95
76.28
76.02
76.33
79.97
70.7
77.89
75.39
74.57
86.17
75.07
73.9
72.14
80.75
77.92
76.26
79.69
82.99
82.81
79.76
81.75
80.85
81.15
81.36
76.55
78.65
67.84
83.68
79.51
73.93
80.19
79.99
79.38
80.91
78.26
71.55
83.12
75.97
78.06
78.31
84.13
79.48
82.49
84.59
82.12
83.59
79.99
78.43
79.74
79.34
81.37
75.24
77.42
81.22
75.05
76.49
81.01
76.17
85.03
75.18
77.54
84.27
76.49
79.72
81.61
66.94
84.7
75.52
81.12
72.05
75.93
75.82
79.36
80.24
90.05
78.4
80.99
78.04
80.57
78.35
81.98
74.72
71.26
81.17
79.65
76.25
69.81
72.74
77.56
82.53
78.66
84.8
78.9
77.19
81.48
74.48
80.15
85.45
75.57
75.89
83.32
76.25
72.03
79.32
73.8
86.01
75.73
85.24
72.61
76
79.46
82.11
73.98
73.59
76.35
75.98
79.98
77.66
79.85
81.24
76.43
83.95
85.47
81.96
79.2
78.96
77.77
79.01
81.32
70.35
78.83
83.23
82
78.69
78.05
84
81.82
81.04
73.05
82.31
77.1
79.83
81.28
82.4
76.35
82.45
73.98
77.78
77.58
79.41
74.66
77.21
81.14
78.38
76.12
79.94
80.63
79.35
82.33
75.11
75.44
82.94
84.51
83.04
85.53
80.03
84.48
75.93
78.64
75.43
78.94
79.14
77.51
77.03
79.46
85.31
76.7
82.58
85.24
81.92
73.88
79.85
76.5
80.69
77.89
82.09
75.96
69.88
79.15
76.3
78.33
75.8
83.51
79.09
75.98
80.35
84.42
80.3
81.99
79.23
85.48
76.1
83.16
74.47
80.22
78.46
84.98
84.56
78.56
75.1
81.03
79
80.4
76.91
77.02
77.51
75.96
81.99
83.79
77.6
74.15
80.09
77
84.42
78.95
90.02
77.88
76.44
82.58
80.26
78.46
85.39
74.95
77.29
77.59
73.06
84.63
79.77
84.78
75.4
77.33
78.76
84.13
78.47
80.07
78.96
81.11
87.15
76.62
77.04
75.1
86.58
77.08
75.99
73.02
80.89
85.74
76.82
81.08
83.65
72.64
80.32
84.67
88.31
86.27
75.28
76.79
78.12
86.01
84.52
85.26
86.9
72.76
82.71
83.93
83.61
78.15
78.23
79.3
77.2
80.2
83.1
73.84
80.27
75.49
74.79
74.22
88.01
83.31
81.92
83.21
82.77
74.39
80.01
76.32
82.06
82.88
72.11
75.26
76.3
87.46
84.53
74.11
71.89
79.58
76.35
76.35
74.54
79.75
81.08
80.72
79.06
85.26
81.49
80.47
85.74
79.7
72.47
78.8
83.84
86.17
82.15
81.95
82.23
75.86
83.76
77.02
86.66
75.19
78.51
89.53
84.03
77
80.68
83.92
78.39
80.25
81.62
75.27
82.79
75.52
85.71
78.74
75.9
84.99
77.68
86.26
79.39
74.4
75.86
77.14
76.18
80.17
84.41
76.06
84.55
85.64
76.98
78.48
77.68
84.53
78.83
77.43
81.33
78.71
82.44
81.35
84.84
74.15
83.4
75.1
79.08
78.11
78.69
74.82
79.62
82.18
74.26
85.43
86.7
78.65
83.09
73.92
75.92
86.82
83.22
80.58
78.65
71.67
82.82
74.34
78.08
81.15
71.95
87.49
88.75
77.34
76.28
75.59
77.19
73.31
78.81
89.42
83.24
79.72
89.79
85.98
82.63
75.25
76.53
72.91
79
78.13
80.35
79.42
79.65
84.39
80.14
80.82
83.11
89.02
87.54
82.76
74.31
81.82
81.52
79.66
77.56
78.32
82.73
87.22
75.63
82.7
71.69
80.62
82.58
83.62
84.92
72.08
82.63
87.43
85.06
78.54
84.07
80.15
83.07
82.47
82.17
77.61
82.86
81.51
82.85
77.61
82.17
81.18
74.23
84.5
78.18
78.65
77.36
81.28
71.72
82.17
83.84
76.53
76.74
82.89
81.46
87.93
83.02
75.52
79.75
89.92
81.28
87.07
80.51
84.1
83.42
77.39
79.26
85.68
80.91
80.09
84.22
82.16
78.79
74.48
74.19
79.2
86.17
75.13
89.4
81.59
83.51
80.45
83.72
88.98
84.69
82.49
81.73
78.2
79.56
82.17
83.08
80.24
78.82
91.03
81.79
72.22
75.43
79.14
85.51
79.36
87.64
76.48
85.3
77.66
80.04
89.58
81.37
76
80.44
85.38
81.02
89.29
77.57
80.59
77.8
77.54
77.15
84.08
81.6
77.73
76.9
89.55
82.25
78.9
87.6
85.26
87.49
76.78
81.29
73.48
83.12
82.93
83.8
81.34
93.26
76.81
77.38
78.58
85.38
76.07
88.77
82.31
78.43
78.61
85.68
82.32
79.4
83.41
69.5
80.95
78.96
84.78
71.59
88.28
80.52
82.46
84.54
82.31
78.82
83.33
89.5
76.94
83.58
78.7
77.75
77.84
83.46
90.1
86.82
77.87
82.75
80.34
84.73
81.12
77.9
74.44
78.3
79.22
81.65
82.9
75.85
84.54
80.73
79.99
82.57
82.62
81.46
74.79
78.59
85.85
73.96
86.08
79.94
77.27
82.89
85.67
81.71
84.71
80.55
73.85
73.45
78.55
85.39
76.93
82.01
86.34
79.36
82.49
85.52
73.14
84.9
82.91
88.41
84.5
79.34
86.65
82.36
82.64
77.44
73.71
77.57
81.93
86.87
79.08
82.65
83.88
75.62
82.03
83.51
77.43
82.72
82.13
88.16
84.07
76.26
80.92
81.36
84.76
92
76.76
75.74
78.71
82.15
79.21
78.88
83.58
86.86
87.16
71.46
89.04
71.06
80.63
75.58
77.52
81.52
81.97
82.57
81.99
92.5
77.64
84.92
88.44
82.61
82.53
80.9
95.61
87.09
77.09
89.32
84.3
79.85
82.06
79.15
75.76
85.43
80.57
75.53
81.51
79.48
81.12
77.51
80.84
75.03
82.76
86.82
84.87
84.8
75.55
84.74
79.78
79.83
75.38
83.29
84.13
79.91
78.31
74.96
77.97
85.36
80.91
86.94
80.37
76.64
81.06
77.84
80.1
83.64
77.46
79.35
80.02
82.62
80.48
75.8
86.95
90.78
81.26
86.8
78.18
85.55
78.88
83.12
79.87
87.01
85.88
84.78
76.57
82.36
79.37
89.19
91.48
82.62
90.32
92.81
78.82
81.81
77.92
80.5
84.54
78.92
80.51
76.56
80
85.99
78.54
87.45
73.8
80.83
85.13
77.27
73.34
84.53
90.01
88.34
77.44
81.69
79.59
83.83
76.12
87.94
90.44
81.08
75.52
86.11
77.62
79.36
84.22
82.25
81.84
81.87
82.77
81.45
74.85
86.69
82.64
78.57
77.67
82.53
86.36
82.33
74.75
81.75
78.95
86.38
80.32
82.01
77.59
76.4
82.63
79.19
85.42
87.38
78.68
76.58
89.93
85.63
79.27
85.2
79.68
89.15
84.08
82.73
73.73
79.03
80.04
73.93
79.83
82.24
79.99
79.79
79.59
86.73
78.22
82.94
86.96
75.84
82.58
86.15
80.96
87.85
84.36
81.87
92.47
83.22
81.19
79.46
74.04
92.13
75.64
78.23
76.67
85.13
81.72
76.82
84.25
86.57
83.56
80.11
81.18
83
77.99
79.29
87.05
84.15
93.6
83.45
77.47
85.03
82.56
88.4
78.64
89.1
85.81
79.51
89.1
85.17
76.52
85.84
78.85
83.23
78.81
76.76
92.46
81.96
82.85
76.31
79.19
71.82
75.27
78.83
84.91
82.54
80.66
86.72
76.71
86.97
87.52
82.61
74.17
82.59
92.12
86.47
81.64
81.33
83.58
86.62
79.18
93.64
85.3
82.24
77.53
84.92
84.85
85.9
78.63
78.57
86.58
86.42
84.01
79.56
86.22
83.88
74.46
81.68
83.94
83.16
89.2
82.26
83.14
84.82
79.65
87.42
81.47
77.68
88.23
80.99
81.71
79.54
84.04
82.92
81.48
77.31
80.54
81.92
80.29
80.21
82.11
86.25
82.29
83.54
83.85
81.5
83.52
82.25
80.68
84.88
82.74
85.86
81.72
75.62
81.15
85.56
92.31
93.26
82.53
84.42
79.3
85.32
79.91
82.47
81.47
81.29
79.56
88.7
88.36
77.82
83.74
88.34
88.96
85.27
83.7
76.01
82.33
89.13
84.67
86.06
80.25
88.23
80.04
78.75
77.39
81.93
81.63
80.23
81.85
83.01
87.66
83.64
87.22
78.22
85.9
81.21
83.97
89.48
83.01
79.9
90.34
86.49
83.57
82.84
84.36
80.72
87.87
82.9
81.06
86.97
80.79
77.11
74.71
87.08
83.74
85.22
82.89
91.19
91.16
84.67
77.33
92.62
88.59
80.07
86.92
81.94
81.5
81.81
84.65
85.7
79.1
88.64
83.98
83.93
81.43
89.37
84
78.66
93.4
87.51
85.8
82.84
84.01
79.88
84.42
81.31
84.9
79.87
87.35
87.17
77.25
81.94
87.21
85.49
79.76
75.13
73.44
83.81
76.53
85.38
84.8
80.73
78.78
88.08
85.53
87.12
81.82
85.63
82.31
81.63
84.27
74.37
82.53
88.65
80.4
88.84
75.05
82.46
80.63
82.96
85.58
77.68
84.16
91.38
90.14
83.39
79.62
81.68
84.43
82.01
76.9
84.01
80.61
86.27
85.88
91.01
89.17
90.57
84.45
80.43
84.43
90.29
81.14
78.08
83.79
84.23
81.97
85.69
81.95
86.01
84.35
88.12
82.73
79.94
82.78
80.9
86.2
82.38
79.42
88.1
85
89.92
83.91
79.43
91.75
94.9
81.02
79.82
79.82
82.08
81.5
79.41
92.84
85.52
90.11
77.56
87.25
86.3
82.61
91.16
88.06
88.65
80.87
91.58
87.57
86.46
82.06
86.18
87.57
82.98
84.14
88.02
92.09
86.48
93.79
86
78.63
81.93
89.41
82.24
91.15
85
76.5
93.93
83.85
82.93
82.44
82.82
84.03
88.21
90.45
78.14
81.75
73.43
84.18
85.49
80.97
89.98
83.74
79.83
77.71
78.98
85.7
83.34
91.75
84.13
82.33
87.51
79.09
82.85
78.69
86.85
90.36
78.47
85.39
92.53
83.87
89.53
86.14
82.63
81.13
84.13
82.84
91.42
88.26
83.08
80.83
79.97
84.51
88.6
85.65
92.96
75.24
75.85
88.06
84.81
88.72
87.85
81.79
77.85
80.36
82.83
85.3
86.49
84.82
83.36
87.75
91.86
74.73
83.86
76.02
80.45
91.1
82.63
88.86
76.99
96.27
84.88
82.23
81.07
82.85
87.35
87.16
79.91
90.81
83.71
82.03
79.37
89.34
87.57
84.54
92.86
83.3
83.26
85.56
81.25
88.52
92.54
88.17
86.85
82.1
86.65
87.4
87.26
89.97
77.85
82.11
82.54
81.44
85.96
84.91
87.12
83.28
86.12
89.58
87.52
85.45
82.29
83.69
82.24
88.37
83.28
89.91
88.65
83.97
90.91
80.96
86.84
78.06
82.17
90.95
82.77
88.72
87.28
78.99
85.07
85.57
81.03
78.53
92.16
82.3
85.5
79.99
83.74
77.67
84.54
78.22
83.24
87.04
86.19
76.33
87.26
86.15
76.66
82.93
85.24
74.26
81.93
91.06
79.48
87.42
91.24
82.18
84.72
92.3
87.27
86.05
83.18
91.58
87.97
88.1
94.48
85
82.68
80.36
85.17
89.01
91.22
85.99
87.05
85.38
89.97
84.19
82.07
85.47
86.61
95.38
83.3
86.94
90.95
79.64
81.72
89.37
89.23
86.52
84.62
89.4
84.42
84.92
83.17
84.28
80.93
83.65
79.29
84.65
79.62
90.53
87.73
80.35
95.35
95.03
89.9
81.33
89.14
78.76
91.38
87.43
90.26
91.62
81.1
86.28
82.78
91.03
85.29
82.72
83.22
86.45
92.54
86.51
81.5
82.36
88.79
81.34
80.67
84.16
85.8
74.65
83.88
82.56
86.52
91.94
76.7
84.25
76.47
87.92
80.34
77.92
92.79
80.09
82.1
83.57
87.19
95.68
93.11
84.41
85.62
76.26
78.38
83.33
89.99
88.82
91.73
93.07
88.81
77.49
82.64
82.59
84.37
83.61
80.83
82.38
87.62
84.13
84.93
88.42
83.49
85.94
78.27
88.74
91.85
87.75
83.92
82.46
85.57
75.87
87.84
81.87
84.05
87.35
81.6
87.71
80.9
94.16
85.71
88.53
85.95
79.81
92.73
85.35
84.16
82.72
88.46
86.47
84.74
90.94
83.89
86.1
89.14
86.17
86.47
80.12
78.43
86.76
89.88
95.65
91.84
87.86
73.69
85.52
94.57
84.37
83.41
87.68
87.98
85.87
89.95
85.39
90.07
82.17
91.79
84.76
86.38
79.83
83.99
90.41
83.99
88.7
84.76
89.32
91.13
86.42
82.56
89.94
80.06
90.52
91.73
83.77
90.13
80.29
92.58
78.04
86.35
82.32
83.65
89.39
88.66
73.73
79.08
78.65
81.92
81.49
83.31
84.71
89.42
88.11
80.56
90.25
93.72
84.27
84.86
83.34
86.35
82.81
74.28
89.24
83.87
87.08
92.3
80.68
85.04
86.44
91.52
84.31
88.14
86.88
82.43
79.67
96.16
92.04
92.93
85.56
95.17
94.77
90.05
87.83
82.71
89.77
89.45
88.17
81.52
89.76
81.81
92.26
92.69
77.8
83.08
77.99
82.08
80.9
80.5
94.67
93.16
78.47
85.75
91.92
82.23
81.9
83.76
88.7
84.06
83.52
92.09
83.7
87.25
87.81
92.6
84.26
86.75
89.01
85.94
89.38
75.12
85.25
88.9
84.17
85.93
83.6
80.46
85.44
85.63
92.1
93.37
87.39
89.42
87.03
103.54
87.36
88.83
85.83
88.77
90.44
89.19
83.42
89.33
83.18
83.01
89.05
89.7
83.18
86.67
92.3
83.01
82.59
79.58
78.84
78.04
87.93
87.43
80.38
86.17
86.24
91.98
88.68
93.28
93.56
82.05
91.05
84.9
90.2
84.22
85.01
86.11
88.21
82.35
86.48
76.8
74.62
96.55
89.18
88.25
85.68
84.06
89.1
81.57
80.72
84.34
86.55
85.96
80.72
89.44
92.19
87.58
89.07
86.4
84.55
84.96
87.15
89.48
88.63
82.66
95.61
89.85
87.63
87.54
91.26
82.23
86.08
84.53
89.38
88.47
80.99
83.43
90.16
86.56
89.91
91.55
86.75
84.71
85.03
89.25
86.38
86.99
89.52
86.02
89.83
95.27
88.33
88.66
90.04
91.26
85.75
86.89
84.14
93.45
84.44
87.55
88.67
84.98
82.47
87.41
83.91
87.81
91.29
90.36
79.75
85.82
86.94
85.75
86.14
87.19
86.58
84.24
90.61
90
85.49
75.59
86.93
93.12
89.96
84.83
86.95
87.28
91.14
80.04
83.21
88.69
81.82
82.06
82.77
88.2
81.59
82.06
83.6
86.48
94.5
87.85
87.55
92.34
82.91
91.19
87.59
83.97
86.36
83.55
82.39
87.45
83.67
87.12
84.38
84.59
77.19
90.42
78.43
85.72
84.36
84.85
92.57
70.77
91.78
76.08
83.46
84.26
78.08
86.96
89.93
80.91
79.62
85.08
89.41
85.85
94.57
89.65
83.88
86.98
95.29
85.53
78.76
81.73
79.14
88.14
91.36
91.33
86.65
81.67
83.27
82.06
84.38
83.56
90.84
84.91
91.59
85.44
87.63
84.14
88.82
83.12
88.26
86.75
91.02
83.88
86.54
94.18
90.93
87.16
78.93
87.3
83.36
87.55
90.85
85.35
84.48
80.9
88.85
93.62
87.85
83.66
88.91
99.71
89.71
90.4
86.97
91.07
83.85
96.67
84
89.88
89.42
93.4
81.05
87.59
90.6
83.65
97.44
83.16
80.11
86.5
80.44
86.2
80.14
86.73
87.95
86
90.27
94.1
86.81
89.24
90.32
93.88
87.72
91.75
84.16
80.68
83.93
83.98
88.33
92.55
81.51
90.52
81.98
100.19
87.92
87.35
88.51
91.35
94.22
80.33
82.76
90.83
85.96
85.71
91.13
85.28
82.33
80.27
86.5
88.82
92.2
83.32
82.38
82.66
89.31
86.71
88.77
90.61
84.9
94.81
98.06
91.64
93.97
88.58
87.29
80.23
90.23
90.25
81.37
85.65
88.97
84.21
88.01
82.26
90.89
90.38
83.44
84.45
89.82
90.17
91.85
90.95
86.06
83.1
94.56
86.38
85.08
90.66
92.54
89.65
89.3
86.55
92.91
90.42
85.71
86.45
84.62
82.41
89.23
89.21
89.36
81.18
93.05
84.24
97.28
90.44
89.48
83.18
84.1
79.99
99.5
89.05
94.82
86.8
82.1
85.25
88.85
89.96
89.38
88.24
89.45
86.78
89.54
90.45
86.32
93.86
95.32
84.52
86.85
83.71
88.27
87.56
90.78
87.53
78.41
85.95
83.28
88.69
86.32
97.31
91.94
87.69
84.47
90.19
89.2
78.68
88.98
83.97
87.26
84.91
88.58
88.15
86.92
85.08
86.23
90.03
85.48
83.71
81.52
82.47
81.53
88.6
93.37
86.18
92.71
82.87
90.06
95.09
101.63
85.56
92.91
85.51
78.68
92.74
86.21
83.15
88.72
86.11
86.24
94.9
88.72
87.84
79.2
82.94
85.92
87.91
98.01
96.45
93.81
85.8
82.91
96.98
90.77
91.14
95.31
90.59
88.62
86.13
89.57
95.5
88.38
93.68
86.02
81.61
84.85
85.28
93.54
95.95
88.58
85.96
91.92
82.46
88.42
90.3
84.7
84.47
94.06
85.23
75.37
80.92
79.12
82.24
90.02
85.62
82.19
97.08
94.39
85.6
81.11
85.97
86.38
92.32
89.65
99
79.03
89.43
84.8
90.75
89.19
88.93
81.61
83.93
89.32
89.06
88.37
95.12
86.9
87.25
102.83
85.37
88.83
79.72
91.95
90.59
85.72
94.91
84.25
87.56
85.9
87.77
77.17
84.48
91.68
79.84
90.13
87.73
86.75
88.19
84.68
88.09
85.91
92.79
88.95
92.45
85.95
78.96
83.17
86.14
87.53
91.26
91.95
82.04
88.4
90.68
85.57
92.52
89.86
90.96
92.61
91.75
78.84
89.27
94.03
87.2
84.88
90.06
83.11
88.27
85.86
77.3
88.73
84.44
88.05
81.78
81.43
80.44
95.39
93.13
