1.000000
1.296109
1.643230
1.842652
2.104603
2.288346
2.442542
2.614023
2.808753
2.853809
3.075608
3.141315
3.307746
3.435325
3.567789
3.644730
3.835432
3.878830
4.090280
4.092646
4.199230
4.251330
4.418011
4.503456
4.640546
4.730278
4.854107
4.813508
5.000801
5.180541
5.126087
5.208721
5.244811
5.383020
5.556328
5.532136
5.756148
5.731520
5.728283
5.875399
5.809404
5.852325
6.117611
6.020111
6.151707
6.126994
6.330143
6.346250
6.456268
6.522781
6.552359
6.728898
6.673281
6.795063
6.886907
6.828650
6.976930
7.141143
7.146802
7.277976
7.100407
7.341469
7.421259
7.431208
7.612062
7.505140
7.391654
7.684008
7.712855
7.843384
7.903837
7.718245
7.843881
7.761735
7.769957
7.750294
8.177481
8.241186
8.279915
8.227079
8.129813
8.247703
8.447289
8.432969
8.478629
8.306919
8.508254
8.656752
8.643102
8.683858
8.772625
8.882179
9.006503
8.984524
8.896297
9.083835
9.266481
9.121530
9.136992
9.299809
9.211783
9.394944
9.465467
9.414931
9.356919
9.520469
9.712037
9.468362
9.530239
9.519278
9.583322
9.885771
9.795874
9.741891
9.791409
9.986168
9.956438
9.881505
10.114794
9.879183
10.033443
10.089423
10.209881
10.374246
10.236056
