1.000000
0.960000
1.560000
1.830000
2.020000
2.170000
2.290000
2.810000
2.530000
2.790000
2.780000
3.160000
3.080000
3.370000
3.250000
3.530000
3.800000
3.800000
4.160000
3.700000
3.790000
4.110000
4.160000
4.020000
4.410000
4.730000
4.850000
4.790000
4.610000
4.680000
4.610000
5.010000
4.970000
5.500000
4.680000
5.720000
5.770000
5.060000
4.930000
6.020000
5.100000
5.710000
5.820000
5.940000
5.950000
5.860000
5.630000
7.050000
6.220000
6.630000
6.100000
6.670000
6.630000
6.870000
6.790000
6.560000
6.650000
7.290000
6.590000
7.100000
6.970000
6.990000
7.190000
7.060000
6.590000
6.990000
7.160000
7.370000
7.330000
7.710000
7.290000
7.710000
7.460000
7.680000
8.430000
7.640000
8.200000
7.740000
7.630000
8.070000
8.310000
8.370000
7.870000
8.240000
7.740000
7.880000
8.430000
8.570000
8.590000
8.240000
8.190000
8.590000
8.270000
9.310000
7.900000
9.580000
8.110000
9.030000
9.670000
9.310000
9.240000
9.350000
8.930000
9.070000
9.710000
9.480000
8.720000
8.960000
10.260000
9.370000
8.640000
9.460000
10.550000
9.030000
9.930000
9.980000
9.410000
9.230000
10.120000
9.610000
10.030000
9.770000
9.830000
9.760000
10.150000
10.130000
9.640000
10.120000
9.910000
11.350000
9.930000
10.030000
10.680000
10.690000
10.360000
10.580000
11.370000
10.060000
9.790000
11.230000
9.580000
10.840000
10.870000
12.220000
11.070000
11.090000
10.560000
10.810000
10.870000
12.090000
11.610000
10.630000
11.250000
10.890000
10.390000
10.780000
10.570000
12.050000
10.080000
11.380000
11.950000
11.720000
11.090000
11.670000
11.280000
11.080000
11.570000
11.590000
11.570000
12.410000
11.660000
11.050000
12.090000
11.790000
11.800000
12.140000
11.400000
11.950000
10.960000
11.530000
11.550000
12.910000
11.620000
12.790000
12.350000
11.980000
11.970000
11.580000
12.420000
11.380000
11.880000
11.940000
12.910000
12.340000
13.000000
12.090000
12.870000
13.230000
11.740000
13.470000
12.510000
12.670000
12.200000
11.870000
13.320000
12.970000
13.710000
12.560000
12.090000
12.000000
11.480000
13.600000
13.570000
11.400000
12.370000
13.770000
13.630000
11.740000
12.360000
14.190000
12.900000
11.710000
12.990000
12.820000
14.290000
12.600000
12.580000
14.010000
14.540000
12.910000
12.820000
13.830000
13.820000
14.330000
14.590000
13.360000
13.040000
14.450000
14.230000
13.600000
13.490000
13.080000
13.680000
14.270000
14.680000
12.940000
13.500000
13.360000
11.860000
14.550000
14.350000
14.790000
14.410000
14.430000
13.660000
16.220000
15.020000
14.630000
14.250000
14.280000
15.360000
15.030000
15.540000
14.400000
14.880000
14.350000
12.840000
14.990000
14.760000
15.010000
14.800000
14.660000
14.850000
15.590000
15.540000
16.650000
14.520000
15.340000
15.100000
14.330000
13.250000
14.300000
15.620000
14.740000
16.280000
16.910000
14.690000
14.180000
15.690000
14.180000
16.510000
15.420000
15.250000
14.680000
15.070000
15.910000
16.150000
15.010000
14.960000
15.100000
15.090000
14.840000
14.740000
16.060000
14.910000
15.510000
15.500000
16.470000
16.140000
15.720000
16.760000
16.000000
16.500000
15.660000
15.750000
15.860000
15.410000
16.610000
15.660000
14.310000
14.660000
16.190000
15.360000
16.920000
16.160000
16.370000
16.600000
16.690000
16.690000
15.740000
15.530000
16.840000
15.880000
15.130000
14.760000
16.500000
16.770000
16.410000
16.560000
17.520000
14.540000
15.860000
16.740000
16.140000
16.960000
15.950000
17.070000
18.440000
16.000000
15.240000
18.550000
15.380000
16.030000
17.540000
16.910000
16.710000
15.620000
15.880000
17.130000
15.510000
16.200000
15.420000
18.210000
16.300000
16.400000
15.740000
17.370000
15.910000
16.920000
15.900000
16.090000
17.680000
17.070000
17.370000
16.760000
17.710000
17.220000
17.860000
16.230000
16.870000
15.960000
15.710000
17.350000
16.570000
18.400000
16.220000
17.360000
17.140000
17.270000
17.620000
16.620000
18.680000
17.610000
18.130000
16.450000
17.020000
17.600000
18.240000
17.000000
16.710000
17.280000
16.590000
18.630000
19.390000
15.770000
18.050000
17.840000
17.490000
18.880000
17.790000
18.520000
16.610000
16.190000
18.490000
17.860000
18.620000
19.050000
17.120000
18.730000
18.860000
18.130000
18.870000
19.940000
20.030000
17.540000
17.410000
17.530000
16.950000
19.450000
16.950000
17.740000
18.660000
18.160000
16.880000
17.750000
19.390000
19.390000
18.830000
18.760000
19.200000
19.540000
19.420000
19.190000
16.920000
20.140000
18.760000
19.230000
16.760000
19.570000
18.880000
19.000000
18.660000
19.300000
18.650000
17.810000
18.420000
19.280000
17.460000
17.380000
20.640000
19.420000
19.130000
18.170000
19.020000
19.110000
18.780000
20.040000
19.260000
19.730000
21.950000
19.660000
17.220000
19.980000
18.920000
16.970000
20.120000
20.260000
19.080000
18.980000
19.850000
20.020000
20.110000
19.760000
20.880000
18.970000
20.570000
19.510000
20.800000
18.340000
20.090000
18.880000
19.590000
20.940000
20.070000
19.590000
20.610000
19.390000
19.770000
22.530000
19.620000
19.010000
21.580000
18.850000
19.570000
20.060000
22.380000
20.660000
21.450000
20.900000
19.120000
19.380000
19.330000
18.150000
20.550000
19.310000
19.530000
21.240000
22.590000
19.010000
19.440000
20.230000
21.240000
19.350000
21.140000
21.640000
19.810000
21.170000
21.950000
21.100000
20.480000
19.290000
20.710000
21.100000
21.630000
20.730000
20.220000
18.290000
19.630000
20.750000
20.540000
20.870000
19.350000
21.210000
19.520000
19.150000
21.060000
20.750000
20.690000
19.740000
22.360000
20.420000
20.450000
20.520000
20.840000
22.030000
17.970000
21.350000
21.190000
22.270000
20.980000
20.160000
20.900000
21.800000
21.480000
21.190000
20.220000
21.110000
20.440000
22.060000
21.590000
21.140000
21.730000
21.420000
20.890000
21.910000
20.870000
21.320000
20.440000
21.520000
21.430000
21.300000
21.420000
21.990000
20.870000
23.010000
20.830000
20.590000
21.570000
21.680000
22.310000
21.920000
23.040000
21.900000
22.220000
22.680000
22.840000
21.560000
21.430000
21.590000
23.760000
23.470000
21.420000
21.390000
24.100000
21.450000
21.530000
22.130000
21.550000
20.460000
21.510000
23.150000
22.820000
22.450000
21.380000
21.410000
22.170000
22.860000
21.320000
22.840000
22.010000
21.590000
20.320000
22.620000
21.350000
20.720000
22.920000
24.090000
21.630000
22.380000
23.350000
20.920000
21.150000
23.890000
24.640000
22.280000
21.130000
20.400000
24.030000
22.990000
24.150000
20.320000
23.510000
21.870000
21.910000
24.010000
22.340000
24.110000
23.000000
23.050000
21.360000
20.920000
20.960000
21.880000
22.400000
21.610000
21.830000
20.950000
22.870000
21.780000
23.900000
24.030000
23.360000
23.440000
20.780000
23.000000
23.350000
21.050000
21.540000
24.990000
24.690000
21.570000
21.570000
22.960000
24.170000
24.580000
22.020000
20.940000
23.220000
24.060000
23.560000
21.930000
23.700000
23.400000
21.390000
22.050000
22.610000
22.150000
23.700000
23.510000
22.470000
24.660000
25.630000
24.220000
22.790000
24.830000
24.030000
22.970000
25.680000
24.320000
22.950000
23.460000
24.740000
21.350000
24.030000
22.700000
24.810000
24.170000
24.320000
23.040000
24.130000
22.180000
23.140000
23.100000
26.420000
24.990000
24.470000
23.700000
23.820000
25.360000
24.440000
24.110000
22.810000
25.540000
24.080000
25.820000
24.080000
25.690000
21.090000
25.350000
24.320000
24.370000
24.020000
24.080000
23.480000
26.160000
24.200000
23.680000
23.970000
25.110000
23.900000
24.410000
24.250000
24.310000
22.440000
23.660000
23.600000
26.390000
23.490000
24.640000
25.710000
23.540000
24.060000
23.810000
23.000000
24.420000
23.580000
26.250000
25.580000
22.360000
22.360000
25.550000
26.600000
25.200000
24.010000
24.000000
24.420000
23.690000
27.490000
23.090000
25.520000
23.130000
23.410000
25.760000
23.920000
25.570000
23.030000
25.560000
24.810000
25.190000
24.560000
27.650000
25.320000
25.080000
25.850000
25.500000
25.980000
25.650000
25.020000
25.410000
22.710000
23.620000
24.240000
24.430000
25.930000
25.670000
27.590000
26.690000
23.110000
24.820000
24.180000
22.650000
26.220000
24.730000
25.220000
24.380000
22.470000
24.710000
24.560000
24.030000
25.140000
25.850000
26.760000
25.850000
27.300000
23.010000
24.770000
27.710000
25.570000
24.660000
26.990000
25.660000
25.370000
23.590000
24.900000
29.090000
24.470000
25.780000
25.220000
26.750000
23.330000
26.810000
25.520000
26.360000
24.990000
26.100000
26.060000
24.610000
24.730000
25.350000
27.880000
22.530000
29.330000
23.750000
24.140000
28.370000
25.080000
25.230000
28.020000
24.640000
27.150000
27.930000
27.100000
23.780000
28.750000
23.250000
24.640000
24.810000
25.200000
25.240000
26.850000
23.310000
27.810000
26.720000
26.830000
26.580000
24.150000
27.250000
27.050000
25.330000
26.410000
25.390000
26.460000
27.770000
26.350000
28.460000
24.940000
24.150000
26.590000
26.030000
25.970000
25.760000
25.040000
27.160000
29.960000
28.390000
27.070000
26.620000
27.750000
25.960000
25.630000
25.690000
24.540000
27.270000
25.470000
24.540000
27.240000
25.830000
27.840000
24.880000
27.560000
26.260000
27.570000
25.770000
26.410000
27.540000
26.200000
27.470000
27.960000
27.660000
27.920000
27.630000
25.380000
26.180000
25.050000
29.230000
27.080000
27.360000
24.800000
27.930000
26.350000
25.490000
27.220000
25.400000
25.470000
27.590000
26.440000
25.310000
25.290000
28.310000
26.010000
25.610000
27.440000
28.150000
27.390000
27.120000
27.460000
26.110000
28.830000
25.700000
26.970000
27.290000
25.810000
27.030000
28.800000
27.120000
25.590000
26.830000
27.480000
27.340000
27.230000
25.100000
27.840000
26.740000
29.890000
27.930000
27.030000
26.730000
27.000000
26.730000
27.210000
26.610000
29.760000
30.040000
28.010000
29.910000
29.330000
30.060000
25.810000
26.670000
30.220000
27.600000
29.880000
26.350000
28.110000
27.480000
26.320000
29.180000
27.990000
26.200000
29.600000
27.070000
26.540000
28.580000
27.810000
28.360000
27.320000
26.680000
27.290000
27.650000
26.670000
26.980000
28.730000
27.180000
28.390000
26.800000
27.800000
27.910000
30.340000
28.380000
29.170000
